  response  trial_nr     t_start       t_set      t_ball  t_release  t_response      t_goal    t_change new_pos  correct   name age
0        n         1   42.363495   43.144521   43.445552          0   43.844850   44.052928   43.753016     [5]        1  Clara  24
0        n         2   45.862732   46.290727   46.591831          0   47.174659   47.199686   46.698496     [5]        1  Clara  24
0        n         3   48.984228   49.135946   49.437213          0   49.813941   50.044858   49.437663     [5]        1  Clara  24
0        v         4   51.828922   52.105870   52.406881          0   52.767502   53.014800   52.614573     [5]        0  Clara  24
0        n         5   54.799359   55.076917   55.378519          0   55.795831   55.984924   55.484642    [-5]        0  Clara  24
0        n         6   57.769881   57.870769   58.172176          0   58.553425   58.780027   58.579640    [-5]        0  Clara  24
0        n         7   60.564280   60.639980   60.940952          0   61.463212   61.548440   61.148715    [-5]        0  Clara  24
0        v         8   63.333381   63.685742   63.986259          0   64.399053   64.595587   64.396292     [5]        0  Clara  24
0        n         9   66.379414   66.530472   66.831126          0   67.195051   67.439110   67.338869     [5]        1  Clara  24
0        n        10   69.224055   69.451053   69.751805          0   70.217476   70.358586   70.259780    [-5]        0  Clara  24
0        v        11   72.144378   72.472076   72.773154          0   73.098700   73.380924   72.773518    [-5]        1  Clara  24
0        n        12   75.165193   75.343835   75.644410          0   75.971729   76.250654   75.951487    [-5]        0  Clara  24
0        v         1   96.084713   96.613751   96.914528          0   97.474894   97.522453   97.223793    [-5]        1  Clara  24
0        n         2   99.307060   99.785885  100.086612          0  100.623065  100.693419  100.596180     [5]        1  Clara  24
0        n         3  102.478982  102.504118  102.804917          0  103.202564  103.414248  103.012597    [-5]        0  Clara  24
0        n         4  105.197758  105.550211  105.851189          0  106.296030  106.459899  105.851545     [5]        1  Clara  24
0        n         5  108.243821  108.646670  108.947993          0  109.362692  109.555653  109.054497     [5]        1  Clara  24
0        v         6  111.340185  111.643917  111.944527          0  112.379571  112.551380  112.351999    [-5]        1  Clara  24
0        n         7  114.335829  114.436871  114.738380          0  115.232869  115.345176  115.248412    [-5]        0  Clara  24
0        n         8  117.130181  117.461696  117.762511          0  118.235076  118.366131  117.762922    [-5]        0  Clara  24
0        v         9  120.151205  120.277113  120.577642          0  121.033299  121.184601  120.684669    [-5]        1  Clara  24
0        n        10  122.970669  123.272721  123.573285          0  124.015295  124.181717  123.780867     [5]        1  Clara  24
0        n        11  125.966326  126.243280  126.544244          0  126.897258  127.151961  126.852756     [5]        1  Clara  24
0        n        12  128.936825  129.188834  129.489878          0  129.963684  130.096798  129.897565     [5]        1  Clara  24  response  trial_nr     t_start       t_set      t_ball  t_release  t_response      t_goal    t_change new_pos  correct   name age
0        n         1   17.055593   18.867589   19.468240          0   19.829032   20.053963   19.780227    [-5]        0  Clara  24
0        v         2   21.863174   22.165868   22.767264          0   23.123912   23.377021   23.076185     [5]        0  Clara  24
0        n         3   25.160924   25.464237   26.064601          0   26.614771   26.673377   26.275053     [5]        1  Clara  24
0        n         4   28.483827   28.660148   29.261428          0   29.632903   29.845698   29.261796     [5]        1  Clara  24
0        v         5   31.630638   31.807051   32.408930          0   32.922614   33.018110   32.516324    [-5]        1  Clara  24
0        n         6   34.802500   35.205535   35.806612          0   36.234747   36.391441   36.218340    [-5]        0  Clara  24
0        v         7   38.175812   38.327502   38.928247          0   39.301560   39.514996   39.039936     [5]        0  Clara  24
0        v         8   41.297368   41.553834   42.154715          0   42.641816   42.760019   42.155064    [-5]        1  Clara  24
0        n         9   44.544858   44.670985   45.271541          0   45.648633   45.856441   45.782197     [5]        1  Clara  24
0        v        10   47.641371   47.817452   48.417881          0   48.804789   49.003132   48.632151    [-5]        1  Clara  24
0        n        11   50.788056   50.939182   51.539488          0   52.030526   52.125144   51.952112     [5]        1  Clara  24
0        v        12   53.909611   54.136349   54.737161          0   55.200629   55.322059   55.247460    [-5]        1  Clara  24
0        v         1   72.890799   73.746896   74.347003          0   74.769750   74.932801   74.558870     [5]        0  Clara  24
0        n         2   76.717374   76.843138   77.444266          0   77.772793   78.029883   77.654947    [-5]        0  Clara  24
0        v         3   79.813678   79.838885   80.439722          0   80.990939   81.024319   80.440106    [-5]        1  Clara  24
0        n         4   82.809378   83.237245   83.837712          0   84.344357   84.424134   84.356144     [5]        1  Clara  24
0        v         5   86.207877   86.510550   87.112252          0   87.454166   87.721133   87.422056    [-5]        1  Clara  24
0        n         6   89.505594   89.832948   90.434460          0   90.796572   91.043865   90.434806     [5]        1  Clara  24
0        v         7   92.828448   93.004979   93.606496          0   94.068660   94.216338   94.016708    [-5]        1  Clara  24
0        n         8   95.979747   96.201807   96.802767          0   97.268901   97.387516   97.112937     [5]        1  Clara  24
0        n         9   99.173196   99.474771  100.076038          0  100.488860  100.660509  100.184649     [5]        1  Clara  24
0        v        10  102.444899  102.772888  103.373399          0  103.805975  103.958074  103.482403    [-5]        1  Clara  24
0        n        11  105.742969  106.045471  106.646636          0  107.172464  107.255400  107.157181    [-5]        0  Clara  24
0        v        12  109.040683  109.468834  110.070476          0  110.567407  110.679766  110.481134     [5]        0  Clara  24  response  trial_nr     t_start       t_set      t_ball  t_release  t_response      t_goal    t_change new_pos correct   name age
0        v         1   33.379990   34.059311   34.660556          0   35.055759   35.245338   34.660943    [-5]       1  Clara  24
0        n         2   37.054833   37.332250   37.933406          0   38.344974   38.542593   38.142575    [-5]       0  Clara  24
0        v         3   40.327601   40.403179   41.003298          0   41.428776   41.590093   41.215326     [5]       0  Clara  24
0        n         4   43.398769   43.625226   44.225780          0   44.724957   44.810926   44.335301     [5]       1  Clara  24
0        n         5   46.595853   46.823259   47.424495          0   47.791424   48.033075   47.933257    [-5]       0  Clara  24
0        v         6   49.818162   50.095295   50.696559          0   51.075793   51.305518   51.104688     [5]       0  Clara  24
0        n         7   53.090649   53.218860   53.820160          0   54.293896   54.426871   54.227218    [-5]       0  Clara  24
0        v         8   56.212312   56.467412   57.068309          0   57.547881   57.675176   57.374650    [-5]       1  Clara  24
0        n         9   59.459722   59.761914   60.363761          0   60.706750   60.974446   60.872886     [5]       1  Clara  24
0        v        10   62.782736   63.009694   63.610964          0   63.964711   64.220762   63.921592     [5]       0  Clara  24
0        n        11   66.006161   66.206393   66.807260          0   67.257166   67.390780   66.807629     [5]       1  Clara  24
0        n        12   69.176958   69.428794   70.029341          0   70.385423   70.615187   70.139638    [-5]       0  Clara  24
0        n         1   90.121633   90.826615   91.427321          0   91.957843   92.012088   91.939392     [5]       1  Clara  24
0        n         2   93.797051   94.099465   94.700185          0   95.124835   95.286814   94.911617    [-5]       0  Clara  24
0       []         3   97.074972   97.325156   97.925393          0    0.000000   98.532793   98.230105    [-5]      na  Clara  24
0        v         4  100.317086  100.569125  101.169947          0  101.648485  101.754286  101.579350    [-5]       1  Clara  24
0        n         5  103.539378  103.766055  104.366705          0  104.725686  104.952154  104.475562    [-5]       0  Clara  24
0        v         6  106.736483  106.988293  107.589749          0  107.950048  108.175753  107.998859     [5]       0  Clara  24
0       []         7  109.983830  110.185232  110.785949          0    0.000000  111.373151  110.896706     [5]      na  Clara  24
0        n         8  113.181050  113.584129  114.184653          0  114.519352  114.771199  114.498060     [5]       1  Clara  24
0        n         9  116.579575  116.906808  117.508087          0  117.962886  118.093369  117.508450     [5]       1  Clara  24
0        n        10  119.877203  120.179910  120.780964          0  121.164608  121.391233  121.291383    [-5]       0  Clara  24
0        v        11  123.175109  123.401539  124.001792          0  124.507961  124.588561  124.214751     [5]       0  Clara  24
0        n        12  126.397242  126.749834  127.350425          0  127.829709  127.937448  127.350841    [-5]       0  Clara  24  response  trial_nr     t_start       t_set      t_ball  t_release  t_response      t_goal    t_change new_pos correct   name age
0        v         1   33.379990   34.059311   34.660556          0   35.055759   35.245338   34.660943    [-5]       1  Clara  24
0        n         2   37.054833   37.332250   37.933406          0   38.344974   38.542593   38.142575    [-5]       0  Clara  24
0        v         3   40.327601   40.403179   41.003298          0   41.428776   41.590093   41.215326     [5]       0  Clara  24
0        n         4   43.398769   43.625226   44.225780          0   44.724957   44.810926   44.335301     [5]       1  Clara  24
0        n         5   46.595853   46.823259   47.424495          0   47.791424   48.033075   47.933257    [-5]       0  Clara  24
0        v         6   49.818162   50.095295   50.696559          0   51.075793   51.305518   51.104688     [5]       0  Clara  24
0        n         7   53.090649   53.218860   53.820160          0   54.293896   54.426871   54.227218    [-5]       0  Clara  24
0        v         8   56.212312   56.467412   57.068309          0   57.547881   57.675176   57.374650    [-5]       1  Clara  24
0        n         9   59.459722   59.761914   60.363761          0   60.706750   60.974446   60.872886     [5]       1  Clara  24
0        v        10   62.782736   63.009694   63.610964          0   63.964711   64.220762   63.921592     [5]       0  Clara  24
0        n        11   66.006161   66.206393   66.807260          0   67.257166   67.390780   66.807629     [5]       1  Clara  24
0        n        12   69.176958   69.428794   70.029341          0   70.385423   70.615187   70.139638    [-5]       0  Clara  24
0        n         1   90.121633   90.826615   91.427321          0   91.957843   92.012088   91.939392     [5]       1  Clara  24
0        n         2   93.797051   94.099465   94.700185          0   95.124835   95.286814   94.911617    [-5]       0  Clara  24
0       []         3   97.074972   97.325156   97.925393          0    0.000000   98.532793   98.230105    [-5]      na  Clara  24
0        v         4  100.317086  100.569125  101.169947          0  101.648485  101.754286  101.579350    [-5]       1  Clara  24
0        n         5  103.539378  103.766055  104.366705          0  104.725686  104.952154  104.475562    [-5]       0  Clara  24
0        v         6  106.736483  106.988293  107.589749          0  107.950048  108.175753  107.998859     [5]       0  Clara  24
0       []         7  109.983830  110.185232  110.785949          0    0.000000  111.373151  110.896706     [5]      na  Clara  24
0        n         8  113.181050  113.584129  114.184653          0  114.519352  114.771199  114.498060     [5]       1  Clara  24
0        n         9  116.579575  116.906808  117.508087          0  117.962886  118.093369  117.508450     [5]       1  Clara  24
0        n        10  119.877203  120.179910  120.780964          0  121.164608  121.391233  121.291383    [-5]       0  Clara  24
0        v        11  123.175109  123.401539  124.001792          0  124.507961  124.588561  124.214751     [5]       0  Clara  24
0        n        12  126.397242  126.749834  127.350425          0  127.829709  127.937448  127.350841    [-5]       0  Clara  24
0        v         1  151.369942  151.974292  152.575591          0  152.948997  153.184533  152.575940    [-5]       1  Clara  24
0        n         2  154.969656  155.375266  155.976260          0  156.338590  156.583635  156.185371    [-5]       0  Clara  24
0        v         3  158.368278  158.519811  159.120589          0  159.586958  159.705640  159.330979     [5]       0  Clara  24
0        v         4  161.489801  161.943006  162.543558          0  162.894804  163.130028  162.655801     [5]       0  Clara  24
0        n         5  164.913616  165.140327  165.741263          0  166.197986  166.326128  166.251190    [-5]       0  Clara  24
0        v         6  168.110677  168.463204  169.064123          0  169.540958  169.649135  169.476109     [5]       0  Clara  24
0        n         7  171.433598  171.635021  172.236293          0  172.554110  172.822571  172.648392    [-5]       0  Clara  24
0        v         8  174.606467  174.832370  175.432777          0  175.774020  176.019003  175.745959    [-5]       1  Clara  24
0        n         9  177.827730  177.928644  178.529075          0  179.074029  179.114166  179.040808     [5]       1  Clara  24
0        n        10  180.898932  181.331898  181.933287          0  182.349768  182.537744  182.237821     [5]       1  Clara  24
0        n        11  184.322669  184.650389  185.251720          0  185.822586  185.861018  185.252323     [5]       1  Clara  24
0        v        12  187.645669  187.922525  188.523667          0  188.999371  189.110230  188.634999    [-5]       1  Clara  24
0        n         1  207.558262  208.036723  208.637493          0  209.031685  209.222560  209.148398     [5]       1  Clara  24
0        v         2  211.007098  211.489602  212.090074          0  212.622805  212.696058  212.296274    [-5]       1  Clara  24
0        v         3  214.481167  214.682476  215.283802          0  215.850872  215.871963  215.593966    [-5]       1  Clara  24
0        v         4  217.653156  218.131358  218.732141          0  219.131036  219.319059  219.144421    [-5]       1  Clara  24
0        v         5  221.101972  221.403979  222.004928          0  222.591350  222.597914  222.114588    [-5]       1  Clara  24
0        n         6  224.399656  224.828267  225.429938          0  225.965064  226.038371  225.840072     [5]       1  Clara  24
0        n         7  227.824244  228.151515  228.752478          0  229.200688  229.361405  228.860465     [5]       1  Clara  24
0       []         8  231.146204  231.599433  232.199980          0    0.000000  232.787137  232.512939     [5]      na  Clara  24
0        n         9  234.570858  234.696102  235.296431          0  235.655120  235.882693  235.296798     [5]       1  Clara  24
0        n        10  237.666376  238.145051  238.746337          0  239.256959  239.356230  239.258105    [-5]       0  Clara  24
0        v        11  241.140312  241.467768  242.068656          0  242.451089  242.654829  242.280861     [5]       0  Clara  24
0        v        12  244.437945  245.067381  245.668683          0  246.197399  246.277901  245.669296    [-5]       1  Clara  24  response  trial_nr     t_start       t_set      t_ball  t_release  t_response      t_goal    t_change new_pos correct name age
0        v         1   27.273198   27.701134   28.601324          0   28.961091   29.189734   29.114131    [-5]       1  ggg   4
0        n         2   30.998696   31.203140   32.103146          0   32.453759   32.713769   32.411156     [5]       1  ggg   4
0        v         3   34.497899   34.825294   35.726737          0   36.181367   36.312759   35.937214     [5]       0  ggg   4
0        n         4   38.097677   38.475534   39.375963          0   39.874014   39.964823   39.490020     [5]       1  ggg   4
0        v         5   41.773069   41.899549   42.800762          0   43.137372   43.388492   42.801111    [-5]       1  ggg   4
0        n         6   45.196809   45.425626   46.326562          0   46.666556   46.912955   46.835395     [5]       1  ggg   4
0        v         7   48.695974   48.847188   49.747962          0   50.259478   50.334744   50.060063    [-5]       1  ggg   4
0        n         8   52.119764   52.472244   53.373722          0   53.821280   53.959161   53.374114     [5]       1  ggg   4
0        v         9   55.744822   55.774180   56.675341          0   57.006636   57.282771   56.882379    [-5]       1  ggg   4
0        n        10   59.067750   59.170242   60.071402          0   60.422346   60.656227   60.180825    [-5]       0  ggg   4
0        v        11   62.441159   62.516499   63.417632          0   63.858670   64.004737   63.831625    [-5]       1  ggg   4
0        n        12   65.788973   66.192275   67.092403          0   67.542202   67.680651   67.506873     [5]       1  ggg   4
0        n         1   83.058494   83.437055   84.337329          0   84.683014   84.925162   84.748746    [-5]       0  ggg   4
0        n         2   86.708714   86.986799   87.887746          0   88.410796   88.473348   87.888110     [5]       1  ggg   4
0        n         3   90.258319   90.560482   91.461203          0   91.852654   92.047641   91.675810    [-5]       0  ggg   4
0        v         4   93.832979   94.185320   95.085935          0   95.470624   95.673102   95.086299    [-5]       1  ggg   4
0        n         5   97.458062   97.684554   98.585644          0   99.132937   99.172347   98.797396     [5]       1  ggg   4
0        n         6  100.957316  101.334882  102.235621          0  102.619374  102.824135  102.547208    [-5]       0  ggg   4
0       []         7  104.632560  104.934950  105.836049          0    0.000000  106.423755  106.352188    [-5]      na  ggg   4
0        v         8  108.207202  108.635303  109.535870          0  109.916479  110.123992  109.849869     [5]       0  ggg   4
0        n         9  111.907950  112.086377  112.987179          0  113.474169  113.573854  113.099267     [5]       1  ggg   4
0        n        10  115.356754  115.736891  116.637689          0  117.025578  117.223627  117.149163     [5]       1  ggg   4
0        v        11  119.033084  119.258935  120.160093          0  120.679412  120.748054  120.572171     [5]       0  ggg   4
0        n        12  122.531297  123.060228  123.961656          0  124.418443  124.547725  124.075268    [-5]       0  ggg   4  response  trial_nr     t_start       t_set      t_ball  t_release  t_response      t_goal    t_change new_pos  correct   name age
0        n         1   29.974203   30.351484   31.102462          0   31.450986   31.689240   31.411558    [-5]        0  Clara  12
0        v         2   33.473042   33.573742   34.324183          0   34.700913   34.910224   34.836523    [-5]        1  Clara  12
0        n         3   36.695366   36.896780   37.647910          0   38.062633   38.233401   37.755643     [5]        1  Clara  12
0        v         4   40.018290   40.194522   40.946016          0   41.354095   41.531078   41.159299    [-5]        1  Clara  12
0        n         5   43.341315   43.467175   44.218775          0   44.551854   44.803553   44.428021     [5]        1  Clara  12
0        n         6   46.588888   46.865729   47.617169          0   48.046380   48.203336   48.026442    [-5]        0  Clara  12
0        n         7   49.987306   50.444422   51.194947          0   51.544057   51.801304   51.195309     [5]        1  Clara  12
0        v         8   53.587181   53.788954   54.540225          0   54.914179   55.125160   54.948707     [5]        0  Clara  12
0        n         9   56.910144   56.961462   57.712278          0   58.177698   58.298483   58.224935     [5]        1  Clara  12
0        v        10   60.082301   60.308821   61.059853          0   61.639743   61.647638   61.168049    [-5]        1  Clara  12
0        v        11   63.430172   63.481488   64.232683          0   64.590656   64.818009   64.542098     [5]        0  Clara  12
0        v        12   66.627479   66.879100   67.630200          0   68.131866   68.216297   67.630549    [-5]        1  Clara  12
0        v         1   81.127612   81.656237   82.407034          0   82.804485   82.993457   82.407382    [-5]        1  Clara  12
0        v         2   84.802897   85.104989   85.856128          0   86.334979   86.442856   86.270148    [-5]        1  Clara  12
0        v         3   88.251788   88.604580   89.355854          0   89.835761   89.941454   89.669291    [-5]        1  Clara  12
0        v         4   91.725810   92.052926   92.803467          0   93.242788   93.391344   92.911534    [-5]        1  Clara  12
0        v         5   95.199905   95.578573   96.329875          0   96.692660   96.915032   96.840322    [-5]        1  Clara  12
0        n         6   98.704444   99.051456   99.801595          0  100.233189  100.388001   99.910082     [5]        1  Clara  12
0        n         7  102.173021  102.349166  103.100558          0  103.634039  103.685900  103.313580    [-5]        0  Clara  12
0        v         8  105.470860  105.798073  106.548525          0  107.012758  107.134510  106.859714    [-5]        1  Clara  12
0        n         9  108.919609  109.025663  109.776092          0  110.166035  110.381923  110.182395    [-5]        0  Clara  12
0        n        10  112.167229  112.471062  113.222039          0  113.730054  113.830366  113.222383     [5]        1  Clara  12
0        v        11  115.615895  115.842430  116.593674          0  116.961832  117.180027  116.801791    [-5]        1  Clara  12
0        v        12  118.964050  119.266133  120.017001          0  120.508733  120.603559  120.534004    [-5]        1  Clara  12  response  trial_nr     t_start       t_set      t_ball  t_release  t_response      t_goal    t_change new_pos correct   name age
0       []         1   26.075111   26.708500   27.009602          0    0.000000   27.613713   27.412517     [5]      na  hallo   3
0       []         2   29.399034   29.524006   29.825172          0    0.000000   30.433896   30.334035    [-5]      na  hallo   3
0        b         3   32.217537   32.544784   32.846169          0   33.299017   33.453455   32.950169     [5]    None  hallo   3
0       []         4   34.709814   35.163007   35.463804          0    0.000000   36.073824   35.773338    [-5]      na  hallo   3
0       []         5   37.856461   38.133278   38.433446          0    0.000000   39.042711   38.433808     [5]      na  hallo   3
0       []         6   40.827026   40.978186   41.278348          0    0.000000   41.889804   41.588532     [5]      na  hallo   3
0        n         7   43.671699   43.772344   44.074171          0   44.102234   44.681469   44.279559    [-5]       0  hallo   3
0       []         8   46.465907   46.742969   47.043356          0    0.000000   47.653542   47.043720    [-5]      na  hallo   3
0       []         9   49.436581   49.587626   49.887887          0    0.000000   50.498885   50.398978     [5]      na  hallo   3
0        v        10   52.281231   52.558043   52.858956          0   53.272991   53.467125   53.064393     [5]       0  hallo   3
0        n        11   55.251795   55.377513   55.678253          0   56.047187   56.285498   56.086617    [-5]       0  hallo   3
0       []        12   58.071181   58.096543   58.397816          0    0.000000   59.005596   58.501869    [-5]      na  hallo   3
0        v         1   70.733752   71.086103   71.386919          0   71.840756   71.993970   71.494319    [-5]       1  hallo   3
0        v         2   73.779689   74.107056   74.407775          0   74.722713   75.016079   74.915295    [-5]       1  hallo   3
0        v         3   76.800613   76.825988   77.127188          0   77.632020   77.734218   77.127557    [-5]       1  hallo   3
0        v         4   79.519438   79.797118   80.097876          0   80.430947   80.705983   80.306503    [-5]       1  hallo   3
0        n         5   82.489992   82.641044   82.941245          0   83.434089   83.550146   82.941624     [5]       1  hallo   3
0        v         6   85.334692   85.636769   85.938190          0   86.355435   86.546264   86.042401     [5]       0  hallo   3
0        n         7   88.330307   88.431353   88.732191          0   89.109651   89.340765   89.241216    [-5]       0  hallo   3
0        v         8   91.124671   91.250511   91.550620          0   91.874773   92.159615   91.758745    [-5]       1  hallo   3
0        v         9   93.944221   94.020215   94.321376          0   94.753020   94.928767   94.729498    [-5]       1  hallo   3
0        v        10   96.713206   96.914732   97.215399          0   97.570016   97.823458   97.623868    [-5]       1  hallo   3
0        n        11   99.608331   99.709153  100.009623          0  100.523750  100.617117  100.317057    [-5]       0  hallo   3
0        v        12  102.402551  102.478151  102.778858          0  103.224367  103.387123  103.087513    [-5]       1  hallo   3  response  trial_nr     t_start       t_set      t_ball  t_release  t_response      t_goal    t_change new_pos correct   name age
0       []         1   17.491010   17.949417   18.399873          0    0.000000   19.005202   18.804566    [-5]      na  Hallo  23
0       []         2   20.788481   21.317287   21.768299          0    0.000000   22.378399   22.177180     [5]      na  Hallo  23
0        b         3   24.162124   24.543752   24.994732          0   25.484625   25.598919   25.200311     [5]    None  Hallo  23
0       []         4   26.855813   27.434829   27.885655          0    0.000000   28.496101   28.194210    [-5]      na  Hallo  23
0       []         5   30.279204   30.707079   31.157714          0    0.000000   31.742136   31.263691     [5]      na  Hallo  23
0       []         6   33.526424   33.929580   34.380413          0    0.000000   34.991647   34.891921     [5]      na  Hallo  23
0       []         7   36.773990   37.256499   37.706820          0    0.000000   38.312016   38.013467     [5]      na  Hallo  23
0       []         8   40.097088   40.248140   40.698642          0    0.000000   41.283147   40.808996    [-5]      na  Hallo  23
0       []         9   43.067550   43.495978   43.946329          0    0.000000   44.557240   44.156186    [-5]      na  Hallo  23
0       []        10   46.340171   46.743098   47.193666          0    0.000000   47.781831   47.704230    [-5]      na  Hallo  23
0       []        11   49.587413   49.814208   50.264748          0    0.000000   50.873993   50.265107    [-5]      na  Hallo  23
0       []        12   52.658727   52.910478   53.361344          0    0.000000   53.971277   53.361705     [5]      na  Hallo  23
0        v         1   66.932498   67.639901   68.091451          0   68.621244   68.697125   68.297617    [-5]       1  Hallo  23
0        v         2   70.481893   70.633056   71.083803          0   71.582679   71.668140   71.390638    [-5]       1  Hallo  23
0        v         3   73.452454   73.729318   74.179923          0   74.565559   74.765389   74.690722    [-5]       1  Hallo  23
0        n         4   76.529397   76.574202   77.025209          0   77.485165   77.634141   77.025822    [-5]       0  Hallo  23
0        v         5   79.418679   79.519698   79.970515          0   80.459358   80.578962   80.382177    [-5]       1  Hallo  23
0        n         6   82.364550   82.439765   82.890605          0   83.414327   83.499214   82.890943     [5]       1  Hallo  23
0        v         7   85.284820   85.436693   85.886804          0   86.259202   86.494220   86.394192    [-5]       1  Hallo  23
0        v         8   88.280485   88.308843   88.760104          0   89.244471   89.366268   88.862022    [-5]       1  Hallo  23
0        v         9   91.149841   91.427035   91.878140          0   92.236083   92.486095   92.187434    [-5]       1  Hallo  23
0        v        10   94.271963   94.399631   94.850560          0   95.341770   95.456079   94.954630     [5]       0  Hallo  23
0        v        11   97.241950   97.494808   97.945779          0   98.243872   98.553988   98.353794    [-5]       1  Hallo  23
0        v        12  100.338437  100.620631  101.071689          0  101.542246  101.675389  101.272766    [-5]       1  Hallo  23  response  trial_nr     t_start       t_set      t_ball  t_release  t_response      t_goal    t_change new_pos correct   name age
0        v         1   36.671465   38.271112   39.171041          0   39.473940   39.570862   39.171308    [-5]       1  Clara  21
0        n         2   41.320076   42.286524   43.187237          0   43.449552   43.586534   43.187475     [5]       1  Clara  21
0        v         3   45.335741   45.435994   46.336782          0   46.629604   46.735561   46.453077     [5]       0  Clara  21
0       []         4   48.484983   49.168286   50.068908          0    0.000000   50.468509   50.268952    [-5]      na  Clara  21
0        n         5   52.217256   52.450614   53.351288          0   53.614024   53.750338   53.567900     [5]       1  Clara  21
0        v         6   55.499648   55.749652   56.650536          0   56.671975   57.066113   57.049726    [-5]       1  Clara  21
0        v         7   58.815337   58.898840   59.799667          0   60.208875   60.216496   60.199409     [5]       0  Clara  21
0        n         8   61.964426   62.064528   62.964955          0   63.295830   63.364212   63.265347    [-5]       0  Clara  21
0        b         9   65.113768   65.180377   66.080443          0   66.267583   66.496712   66.480354    [-5]    None  Clara  21
0        v        10   67.729663   67.996352   68.897440          0   69.182495   69.296028   69.015125    [-5]       1  Clara  21
0        n        11   71.045561   71.178665   72.079597          0   72.320264   72.495197   72.478732     [5]       1  Clara  21
0        v        12   74.244315   74.594313   75.494559          0   75.807843   75.894035   75.795089     [5]       0  Clara  21
0        n         1   87.790724   88.524019   89.424753          0   89.738038   89.823659   89.541242     [5]       1  Clara  21
0        b         2   91.573098   91.723221   92.624010          0   92.876795   93.022755   92.624250    [-5]    None  Clara  21
0        v         3   94.255576   94.572485   95.472879          0   95.558081   95.872003   95.689217    [-5]       1  Clara  21
0        v         4   97.621539   97.721512   98.622360          0   98.884375   99.037893   99.021593    [-5]       1  Clara  21
0        v         5  100.787251  100.903890  101.804838          0  102.039011  102.220372  102.203881    [-5]       1  Clara  21
0        v         6  103.969514  104.036439  104.937582          0  105.262399  105.352831  105.336502    [-5]       1  Clara  21
0        v         7  107.102271  107.435458  108.336904          0  108.658265  108.751801  108.735720    [-5]       1  Clara  21
0        n         8  110.501398  110.534734  111.434916          0  111.742573  111.834339  111.435155     [5]       1  Clara  21
0        v         9  113.583767  113.733547  114.634107          0  114.924443  115.033196  114.850529    [-5]       1  Clara  21
0        v        10  116.782596  116.899278  117.799442          0  118.094472  118.199168  118.100498    [-5]       1  Clara  21
0        v        11  119.948735  120.565185  121.465896          0  121.840356  121.864991  121.765877    [-5]       1  Clara  21
0        n        12  123.614270  123.747689  124.648014          0  125.036768  125.048877  124.748109    [-5]       0  Clara  21  response  trial_nr     t_start       t_set      t_ball  t_release  t_response      t_goal    t_change new_pos correct   name age
0        v         1   36.401622   37.501143   38.252342          0   38.570508   38.651024   38.368900     [5]       0  clara  25
0        n         2   40.400615   40.917012   41.667290          0   41.876987   42.066758   41.967485     [5]       1  clara  25
0        v         3   43.816341   44.132942   44.883975          0   45.284422   45.300538   45.283213    [-5]       1  clara  25
0        n         4   47.048775   47.382176   48.132120          0   48.421897   48.531793   48.132358     [5]       1  clara  25
0        v         5   50.281324   50.514274   51.265479          0   51.556329   51.664246   51.569844    [-5]       1  clara  25
0        n         6   53.413747   54.046972   54.798042          0   55.022021   55.196594   54.798283    [-5]       0  clara  25
0       []         7   56.945991   57.179470   57.930854          0    0.000000   58.346389   58.329620     [5]      na  clara  25
0        v         8   60.095170   60.495081   61.246388          0   61.549964   61.644818   61.462609     [5]       0  clara  25
0        n         9   63.394199   63.494327   64.244230          0   64.561061   64.660951   64.645095    [-5]       0  clara  25
0        v        10   66.426761   66.826662   67.578158          0   67.817116   67.976556   67.678982    [-5]       1  clara  25
0        v        11   69.725855   70.108943   70.859978          0   71.188168   71.258853   71.060007    [-5]       1  clara  25
0        v        12   73.008301   73.274817   74.025467          0   74.395523   74.441428   74.425080     [5]       0  clara  25
0        v         1   85.204804   85.854878   86.605753          0   86.840199   87.021401   87.004748    [-5]       1  clara  25
0        v         2   88.770672   89.103890   89.854635          0   90.184471   90.253700   90.054992    [-5]       1  clara  25
0        v         3   92.003171   92.319696   93.070268          0   93.309459   93.469486   93.386391    [-5]       1  clara  25
0        v         4   95.218870   95.885503   96.636454          0   96.927833   97.035209   96.752398    [-5]       1  clara  25
0        v         5   98.784479   99.167957   99.918067          0  100.173945  100.317568  100.018517     [5]       0  clara  25
0       []         6  102.067115  102.233853  102.984081          0    0.000000  103.417110  103.396887    [-5]      na  clara  25
0        n         7  105.166075  105.482776  106.233843          0  106.488614  106.649230  106.633041    [-5]       0  clara  25
0        v         8  108.398586  108.598621  109.349671          0  109.608745  109.748374  109.566312    [-5]       1  clara  25
0        n         9  111.497741  111.831129  112.581307          0  112.974328  112.982261  112.581545     [5]       1  clara  25
0        v        10  114.730253  114.930342  115.681459          0  116.042481  116.113270  116.097093    [-5]       1  clara  25
0        v        11  117.862613  117.979295  118.730224          0  118.979896  119.129069  118.730464    [-5]       1  clara  25
0        v        12  120.878541  120.961937  121.712939          0  122.035491  122.111584  122.019570    [-5]       1  clara  25  response  trial_nr     t_start       t_set      t_ball  t_release  t_response      t_goal    t_change new_pos  correct   name age
0        v         1   25.235371   25.985532   26.735769          0   27.013383   27.135234   27.052485     [5]        0  clara  25
0        v         2   28.884712   29.051340   29.802401          0   30.150051   30.201093   29.802642    [-5]        1  clara  25
0        n         3   31.950456   34.166444   34.916323          0   35.163933   35.316284   35.017907     [5]        1  clara  25
0        v         4   37.065790   37.499076   38.250101          0   38.517243   38.648847   38.466062    [-5]        1  clara  25
0        v         5   40.398225   40.481486   41.232334          0   41.621452   41.632589   41.532493    [-5]        1  clara  25
0        n         6   43.380606   43.597138   44.347129          0   44.695569   44.763742   44.747263    [-5]        0  clara  25
0        n         7   46.513039   47.262912   48.013852          0   48.231809   48.429473   48.412948     [5]        1  clara  25
0        v         8   50.178665   50.561933   51.312760          0   51.601503   51.711792   51.412543    [-5]        1  clara  25
0        v         9   53.461217   53.794531   54.544487          0   54.906124   54.960867   54.944494    [-5]        1  clara  25
0        v        10   56.710270   57.943414   58.694244          0   58.947527   59.093235   58.910814     [5]        0  clara  25
0        v        11   60.842564   60.875887   61.626164          0   62.004564   62.042203   62.025965     [5]        0  clara  25
0        n        12   63.791734   63.941816   64.692217          0   65.020195   65.091371   64.692452     [5]        1  clara  25
0        v         1   74.205591   75.138513   75.888419          0   76.141095   76.288332   76.089321    [-5]        1  clara  25
0        n         2   78.037797   78.204417   78.955785          0   79.149066   79.354276   79.271360    [-5]        0  clara  25
0        n         3   81.103591   81.253696   82.004321          0   82.383809   82.403328   82.204636    [-5]        0  clara  25
0        v         4   84.152906   84.452371   85.202911          0   85.474506   85.602606   85.203148    [-5]        1  clara  25
0        n         5   87.351918   87.868522   88.619194          0   88.866301   89.035204   89.019459    [-5]        0  clara  25
0        v         6   90.784396   91.184317   91.935527          0   92.136401   92.334007   92.251111    [-5]        1  clara  25
0        v         7   94.083385   94.633417   95.384131          0   95.560954   95.799850   95.783846    [-5]        1  clara  25
0        v         8   97.565826   97.582540   98.334121          0   98.621602   98.732333   98.334356     [5]        0  clara  25
0        n         9  100.481739  100.514882  101.264829          0  101.641017  101.681412  101.665113    [-5]        0  clara  25
0        v        10  103.430762  103.630732  104.381014          0  104.705595  104.797188  104.780961    [-5]        1  clara  25
0        v        11  106.546681  106.946533  107.697653          0  107.774223  108.096394  107.813521     [5]        0  clara  25
0        v        12  109.845717  109.879268  110.630540          0  110.960973  111.028904  110.746505    [-5]        1  clara  25  response  trial_nr     t_start       t_set      t_ball  t_release  t_response      t_goal    t_change new_pos correct name age
0        v         1   62.350009   63.033189   63.633578          0   63.919865   64.033124   63.833960    [-5]       1  ggg  43
0        n         2   65.782494   66.049099   66.650061          0   67.008915   67.065587   67.049086    [-5]       0  ggg  43
0        v         3   68.814998   68.948223   69.548615          0   69.880034   69.964688   69.948497     [5]       0  ggg  43
0        n         4   71.714171   71.847385   72.448669          0   72.746803   72.847151   72.564995    [-5]       0  ggg  43
0        n         5   74.596779   74.879925   75.480367          0   75.876098   75.881402   75.480603     [5]       1  ggg  43
0        n         6   77.629108   77.879054   78.480107          0   78.861654   78.879027   78.596288     [5]       1  ggg  43
0        v         7   80.628219   80.695219   81.296064          0   81.534105   81.694941   81.611877    [-5]       1  ggg  43
0        n         8   83.444260   83.510917   84.112535          0   84.317227   84.510709   84.112770    [-5]       0  ggg  43
0        v         9   86.259974   87.243313   87.844325          0   87.986144   88.259748   88.243396     [5]       0  ggg  43
0        v        10   90.009103   91.991857   92.592332          0   92.829583   92.991689   92.792672     [5]       0  ggg  43
0        n        11   94.741060   96.407319   97.007250          0   97.370842   97.423852   97.407306    [-5]       0  ggg  43
0        v        12   99.173379  100.089713  100.690200          0  101.033282  101.089507  100.990014     [5]       0  ggg  43
0        n         1  111.369964  112.036535  112.636828          0  112.867577  113.052949  113.036580    [-5]       0  ggg  43
0        v         2  114.802418  114.835719  115.436053          0  115.763932  115.852229  115.835872    [-5]       1  ggg  43
0        v         3  117.601544  117.784817  118.385576          0  118.690700  118.784746  118.485887     [5]       0  ggg  43
0        v         4  120.534158  120.550847  121.151250          0  121.395818  121.550680  121.151496     [5]       0  ggg  43
0        b         5  123.299928  123.566642  124.166879          0  124.407021  124.566560  124.483285    [-5]    None  ggg  43
0        v         6  125.799308  126.265939  126.866727          0  127.198768  127.265780  126.983421    [-5]       1  ggg  43
0        n         7  129.015018  129.115184  129.715361          0  130.031931  130.131674  130.115145    [-5]       0  ggg  43
0        v         8  131.880926  132.147671  132.747889          0  132.938230  133.147407  132.949547    [-5]       1  ggg  43
0        v         9  134.896862  135.030035  135.630597          0  136.003294  136.046487  136.030363    [-5]       1  ggg  43
0        v        10  137.796122  138.212675  138.812660          0  139.047692  139.212570  138.812901    [-5]       1  ggg  43
0        n        11  140.961926  141.295207  141.896077          0  142.102846  142.294919  142.112564    [-5]       0  ggg  43
0        v        12  144.044214  144.494290  145.095267          0  145.396633  145.494115  145.412185    [-5]       1  ggg  43