trial,speed,player_pos,ball_pos,direction,distance,broad,jitter,trial_nr,block
23,0.5,2,0,-,7.5,3.75,0.4,1,0
13,0.5,2,0,-,5.0,2.5,0.4,2,0
10,0.5,2,0,+,4.0,2.0,0.25,3,0
11,0.5,2,0,-,4.5,2.25,0.7,4,0
7,0.5,2,0,-,3.5,1.75,0.1,5,0
15,0.5,2,0,-,5.5,2.75,0.85,6,0
20,0.5,2,0,+,6.5,3.25,0.85,7,0
8,0.5,2,0,+,3.5,1.75,0.7,8,0
28,0.5,2,0,+,8.5,4.25,0.55,9,0
6,0.5,2,0,+,3.0,1.5,0.4,10,0
26,0.5,2,0,+,8.0,4.0,0.4,11,0
14,0.5,2,0,+,5.0,2.5,0.4,12,0
27,0.5,2,0,-,8.5,4.25,0.7,13,0
24,0.5,2,0,+,7.5,3.75,0.1,14,0
21,0.5,2,0,-,7.0,3.5,0.4,15,0
2,0.5,2,0,+,2.0,1.0,0.4,16,0
18,0.5,2,0,+,6.0,3.0,0.7,17,0
9,0.5,2,0,-,4.0,2.0,0.55,18,0
16,0.5,2,0,+,5.5,2.75,0.85,19,0
25,0.5,2,0,-,8.0,4.0,0.1,20,0
3,0.5,2,0,-,2.5,1.25,0.4,21,0
12,0.5,2,0,+,4.5,2.25,0.1,22,0
5,0.5,2,0,-,3.0,1.5,0.25,23,0
17,0.5,2,0,-,6.0,3.0,0.7,24,0
22,0.5,2,0,+,7.0,3.5,0.7,25,0
19,0.5,2,0,-,6.5,3.25,0.4,26,0
1,0.5,2,0,-,2.0,1.0,0.1,27,0
4,0.5,2,0,+,2.5,1.25,0.4,28,0
