response	trial_nr	t_start	t_set	t_ball	t_release	t_response	t_goal	t_change	new_pos	correct
n	1	15.483156083999347	16.32559683099953	16.64571728699957	0	16.881941917000404	16.99495070499961	16.796191194999665	[-5]	0
n	2	18.525656811999397	19.39753824899981	19.711395775999335	0	19.848859249999805	20.043939901999693	19.76185808199989	[5]	1
n	3	21.774923282999225	22.04598536999947	22.360571038999296	0	22.528882833999887	22.70976002399948	22.494420441999864	[-5]	0
v	4	24.239952568999797	24.55070457599959	24.859778653999456	0	25.128903509999873	25.19233876999988	25.043567957999585	[-5]	1
n	5	26.92314421899937	28.583023630999378	28.891852300999744	0	29.049102257999948	29.224922995999805	29.07526581899947	[5]	1
v	6	30.955566191999424	51.999511316999815	52.31783348299996	0	52.52931752800032	52.66708794399983	52.385003601999415	[5]	0
n	7	54.19768416599982	54.2063388889992	54.51717794199976	0	54.737360068999806	54.866344408999794	54.66757930699987	[-5]	0
n	8	56.396708159999434	63.014082559999224	63.331143288999556	0	63.50509743400016	63.66358960999969	63.44818440799918	[5]	1
v	9	65.39423156299927	65.72631368699967	66.04691383099998	0	66.20953139999983	66.39606181799991	66.16398786299942	[5]	0
v	10	67.92624706799961	68.29442093999933	68.6127936189996	0	68.86563444500007	68.96200142999987	68.71317478999936	[5]	0
n	11	70.49253946799945	72.87092291199951	73.17844162599977	0	73.40163840000059	73.52716295099981	73.31176173499989	[-5]	0
v	12	75.05761841099957	75.70246901299925	76.01046307899924	0	76.15295127599984	76.35960158799935	76.14418734299943	[5]	0
n	13	77.89110173699919	95.27196367999932	95.58763726500001	0	95.76204973200038	95.93682577699929	95.75471904299957	[-5]	0
v	14	97.4670013469995	97.66271656399931	97.97020815399992	0	98.29799426400041	98.30419743399943	98.03751915499925	[-5]	1
v	15	100.03394870699958	100.39095047199953	100.70268789299917	0	100.83433998200053	101.05192919699948	100.86951815799966	[5]	0
n	16	102.58229210099944	103.63140777299941	103.95166801999949	0	104.11411652700008	104.30087457399986	104.13504624599955	[-5]	0
v	17	105.83136949999971	107.10304641699986	107.41725303699968	0	107.6021601299999	107.74977884099917	107.60110121799971	[-5]	1
n	18	109.48108944899923	109.63890888199967	109.94978258099945	0	110.12221406299977	110.29903075799939	110.03358063199994	[-5]	0
v	19	111.82967987599932	111.91170911099925	112.2324341529993	0	112.38629453000067	112.58172479099994	112.41591922499993	[5]	0
n	20	114.1120079379998	114.35148997399938	114.66499266699975	0	114.8822649370004	115.01423296899975	114.74882532299944	[-5]	0
v	21	116.54472714199983	116.65595932899942	116.96424719299921	0	117.13042843099993	117.2968005899993	117.01471053399928	[-5]	1
v	22	119.02799765799955	119.34303757199996	119.66347368900006	0	119.88238455300052	119.99595541500003	119.71387856399997	[-5]	1
v	23	121.72661318199971	121.76727825699982	122.07945223699971	0	122.30641374200059	122.41186352999921	122.17982468899936	[-5]	1
v	24	124.14312930399956	124.41632667199974	124.72852381899975	0	124.90645345900066	125.07770714699927	124.8789516479992	[5]	0
v	25	126.60850925299928	126.72011145299984	127.02777079999942	0	127.29052115400009	127.36033025699999	127.14493410699924	[-5]	1
n	26	129.09175612299987	129.2072492059997	129.5271792069998	0	129.69052804900002	129.87617857299938	129.71041759799937	[-5]	0
v	27	131.40681801699975	131.49523630299973	131.80962249999993	0	131.9705405169998	132.15884614099923	131.87687053699938	[5]	0
n	28	133.68972877599936	133.75140418799947	134.0589242649994	0	134.2586661710002	134.39145088999976	134.15951058099927	[5]	1
v	29	136.12289923199933	136.38331940699936	136.6914061439993	0	136.88264478700057	137.04062138599966	136.80855801899997	[5]	0
v	30	138.5716602399998	138.77545229999942	139.09068165200006	0	139.21068184400065	139.43986999199933	139.17453812999975	[5]	0
n	31	140.97014449399921	141.21614136799963	141.5232347559995	0	141.69069013100034	141.87243034999938	141.65707454199946	[-5]	0
v	32	143.4030335489997	143.7051324669992	144.02244695699937	0	144.21082866400047	144.3716446919998	144.10633439999947	[5]	0
v	33	145.9041089479997	145.93569861699962	146.255087042	0	146.42685060700023	146.60428867999963	146.33888652299993	[5]	0
n	34	148.13511266899968	148.23166120399947	148.53777532999993	0	148.69892407899988	148.88689028499994	148.63821973299946	[-5]	0
n	35	150.41769852299967	150.56887368499974	150.88696172599975	0	151.09895111600053	151.21950338999977	151.07073116099946	[5]	1
v	36	152.95033033299933	153.0723108859993	153.3862332259996	0	153.52298093399986	153.71872489499947	153.55303481699957	[-5]	1
n	37	155.44970378699963	155.5997376489995	155.91876198199952	0	156.05899004500043	156.25127909999992	156.035875562	[5]	1
v	38	157.98257037699932	158.23966205599936	158.55126356399978	0	158.7151774969998	158.88376469800005	158.65170240399948	[-5]	1
n	39	160.61446132399942	161.05575023899928	161.3670209009997	0	161.59511172800012	161.69956610899953	161.5008346429995	[5]	1
v	40	163.43058675499924	163.72869794300004	164.04951576799976	0	164.17915441900004	164.38206051899942	164.1166876669995	[-5]	1
n	41	166.11311337699954	166.37592380399929	166.68200912199973	0	166.89120427299986	167.01455253999939	166.7326827379993	[5]	1
v	42	168.74556190299973	168.76056256099946	169.081289492	0	169.2352179059999	169.4304463539993	169.21505402899948	[5]	0
v	43	170.96147384699998	171.07268452899916	171.38066055999934	0	171.65119788500033	171.71308398399924	171.46447506000004	[-5]	1
n	44	173.44409230099973	173.50504348999948	173.8131415759999	0	174.05930533300034	174.14565368399963	173.91357229000005	[5]	1
v	45	175.87680948599973	176.0804826199992	176.39575978099947	0	176.54757144900032	176.72818211399954	176.46277303899933	[-5]	1
n	46	178.45971154199924	178.56057547599994	178.87819834899983	0	178.9873230029998	179.22740787199928	178.97862941199946	[-5]	0
v	47	180.75793061999957	180.9121367379994	181.22751712699937	0	181.3394263350001	181.56000429300002	181.31127991799985	[-5]	1
v	48	183.2912417769994	183.33639287699953	183.64343513899985	0	183.74738774600064	183.97591785999975	183.6938452179993	[-5]	1
n	49	185.70697172899963	185.7366064049993	186.04266328299946	0	186.24340354700053	186.37515788399924	186.17645137899945	[5]	1
v	50	188.10637149800004	188.23226828299994	188.54190949499935	0	188.6674867720003	188.87443145499947	188.69190065699968	[-5]	1
n	51	190.60520023299978	190.70406311999977	191.02440073899925	0	191.16351156400015	191.35693452299984	191.0748584719995	[5]	1
v	52	193.08790938899983	193.17628618099934	193.49092887400002	0	193.65987235500052	193.83949044199926	193.65742417599995	[5]	0
v	53	195.3703114509999	195.38530053299928	195.70634079999945	0	195.94758950699998	196.03880973499963	195.8733874059999	[-5]	1
n	54	197.7697920369992	197.88930555599927	198.20548155699998	0	198.53992186200048	198.55609737799932	198.35593684299965	[5]	1
v	55	200.28602600799968	200.55267593899953	200.87141455799974	0	201.02768169299998	201.2038317409997	201.03927466000005	[-5]	1
n	56	202.93451139699937	203.209573782	203.5205085889993	0	203.65971868199995	203.85308333399917	203.7039135899995	[5]	1
v	57	205.58379679799964	205.7124477419993	206.01969721599926	0	206.17977051100024	206.36895811299928	206.07028897799955	[5]	0
v	58	207.89958743699935	207.9375362359997	208.2524580269992	0	208.41976394199992	208.60155327099983	208.31949845999952	[5]	0
n	59	210.13241977899997	210.1535985239998	210.46834809399934	0	210.63582140500057	210.80092960299953	210.61873827599993	[5]	1
n	60	212.53209253099976	212.5449122099999	212.85091685299994	0	213.19580798400057	213.20167167	213.00136112099972	[-5]	0
v	61	214.7306081959996	214.9686604519993	215.283478716	0	215.4599067220006	215.61606766899968	215.40062319999925	[-5]	1
n	62	217.3471047869998	217.5463568619998	217.86600632999944	0	218.06794643800004	218.21520493199932	217.9831367709994	[-5]	0
v	63	219.7458455269998	219.84895884199977	220.16531654499977	0	220.3399866970003	220.5144732029994	220.31571675399937	[5]	0
n	64	222.04531533199952	222.18580951199965	222.49788801299928	0	222.72411376200034	222.83042733299953	222.66507260899925	[5]	1
v	65	224.56169817199952	224.64993498900003	224.96376967800006	0	225.09205075000045	225.31299747100002	225.06427046999943	[5]	0
n	66	226.84361290499965	226.8568121069993	227.163128616	0	227.30809785100064	227.51233859999957	227.2136404569992	[-5]	0
v	67	229.04342823799925	229.29785895399982	229.61243034199924	0	229.77213828000004	229.9448869629996	229.74616014299954	[-5]	1
n	68	231.67576977799945	231.86488602499958	232.1782278819992	0	232.3403019060006	232.51075430499986	232.24546838399965	[5]	1
v	69	234.24262709999948	234.2658879749997	234.577528711	0	234.76422705599998	234.92666553599975	234.7446774029995	[5]	0
v	70	236.45721391499956	236.4972435669997	236.81016890699993	0	237.02868769199995	237.14264285599984	236.87727037399964	[-5]	1
n	71	238.87323285599996	239.01816064399918	239.3260048809998	0	239.51630014300008	239.6752358929998	239.44311226699938	[-5]	0
v	72	241.20578393399956	241.44912659099919	241.75855298399983	0	241.94060722500035	242.10775400199964	241.8423544419993	[5]	0
n	1	258.0669039159993	258.5852603739995	258.90319067899964	0	259.0126803379999	259.25239021699963	259.03664175799986	[-5]	0
v	2	260.78234138399966	260.88962896199973	261.20247308799935	0	261.3008281829998	261.5516754709997	261.3041234409993	[5]	0
v	3	263.0813237909997	263.18633561799925	263.5018168509996	0	263.7087297960006	263.83429740499923	263.55227612899944	[-5]	1
n	4	265.56475964699985	265.60253675999957	265.9177214729998	0	266.14900513000066	266.25021180099975	266.00149961399984	[5]	1
v	5	267.98065943599977	268.10664304299917	268.4169020499994	0	268.58879513100055	268.7661074609996	268.5673526619994	[5]	0
n	6	270.29643000299984	270.4181651689996	270.732842505	0	270.95689419000064	271.0820618869993	270.8166394939999	[-5]	0
v	7	272.6117590599997	272.76947566499985	273.08212019999974	0	273.23685162699985	273.41465008199975	273.2655224279997	[-5]	1
n	8	275.14516090599955	275.25856042399937	275.56468295800005	0	275.68490848200054	275.91386009599955	275.71474501299963	[-5]	0
v	9	277.44382169599976	277.45037018899984	277.7639683489997	0	277.9409880540006	278.1132179269998	277.9144463779994	[5]	0
v	10	279.6440243469997	279.8899395839999	280.19684814299944	0	280.38095209899984	280.54576133199953	280.28038776999983	[5]	0
n	11	282.07583028799945	282.2586445449997	282.5791672589994	0	282.70100963999994	282.91187706599976	282.62965003499994	[5]	1
v	12	284.64240377199985	284.74573846899966	285.0616954389998	0	285.21306810399983	285.4108829299994	285.1289158139998	[5]	0
n	13	286.94060325099963	287.0900108959995	287.4109591659999	0	287.5731214610005	287.7435296199992	287.5114687309997	[5]	1
n	14	289.47443028699945	289.75385184399966	290.06017515199983	0	290.2532208500006	290.4093199029994	290.2438890959993	[-5]	0
v	15	291.93934209500003	292.154001502	292.45936766499926	0	292.6211832859999	292.79196504599986	292.5431652869993	[-5]	1
n	16	294.52268429800006	294.5940420049992	294.9086486399992	0	295.00520590500037	295.25779646999945	295.009929285	[-5]	0
v	17	296.78777812799945	296.9790148839993	297.29118462399947	0	297.4292445259998	297.64038947799963	297.4746290009998	[5]	0
v	18	299.17058984399955	299.2904245239997	299.60712955799954	0	299.893289181	299.9396587149995	299.7243067539994	[-5]	1
v	19	301.6692724309996	301.7073656269995	302.0230279089992	0	302.18937731999995	302.37225703399963	302.1734896549997	[5]	0
n	20	303.90240947799975	303.9717782109992	304.2890461139996	0	304.41337938700053	304.63822505400003	304.4725014449996	[-5]	0
v	21	306.16837659999965	306.458131675	306.77157743799944	0	306.88542703300027	307.12079236799946	306.87204086099973	[5]	0
n	22	308.6506700989994	308.93838896299985	309.25413612600005	0	309.421472084	309.5866913189993	309.3379293929993	[5]	1
v	23	311.3180237459992	311.5302088139997	311.8366750619998	0	312.02186778600026	312.1692910309994	311.95378614699985	[-5]	1
n	24	313.90002811499926	314.5542912819992	314.869130866	0	314.98155767000026	315.2182629679992	314.93626848999975	[-5]	0
v	25	316.74818779399993	316.88273057099923	317.20166017799966	0	317.38157804599996	317.53424452299987	317.2855403929998	[-5]	1
n	26	319.26519881999957	322.85973665299935	323.1664723139993	0	323.2777033660004	323.4990028209995	323.2169582759998	[5]	1
v	27	325.2293490109996	325.53839569999946	325.84897199399984	0	326.0857092209999	326.1815290959994	325.9160836279998	[-5]	1
n	28	327.9123300729998	328.17901592899943	328.49813561799965	0	328.6537939919999	328.83069076599986	328.6816043049994	[5]	1
v	29	330.5609694899995	330.61150819499926	330.9307364289998	0	331.13380076000067	331.2799157969994	330.9980970079996	[5]	0
v	30	332.81014113699985	332.94689293400006	333.2633148519999	0	333.43788477	333.61272204299985	333.3304454179997	[5]	0
n	31	335.14255815199976	335.26661415999934	335.5792579639992	0	335.94246580300023	335.92905991799944	335.7463958419994	[5]	0
n	32	337.45864412799983	337.53061952400003	337.84526150199963	0	338.0219884980006	338.17775942499975	338.01236222199987	[5]	1
v	33	339.90812281799936	340.42002119299923	340.72765129099935	0	340.941973424	341.0768436449998	340.8447903649994	[5]	0
n	34	342.60674397599996	343.0035781329998	343.31018135999966	0	343.550004187	343.6594235829998	343.41065826499926	[-5]	0
v	35	345.1893919469994	345.5630669299999	345.87602803499976	0	346.23002159800035	346.2257914359998	346.0098923279993	[5]	0
n	36	347.7550314509999	435.61310302899983	435.9313019729998	0	436.1356695000004	436.28050597699985	436.0151100869998	[-5]	0
v	37	437.81074703099966	437.8363867419994	438.14726529499967	0	438.3436661850001	438.479814024	438.28111676699973	[-5]	1
v	38	440.21047617599925	440.45240513599947	440.7631176769992	0	440.9996530940007	441.1123377969998	440.8811401989997	[5]	0
n	39	442.64246266400005	442.7014226229994	443.01252660999944	0	443.19175343200004	443.36162676799995	443.1629215439998	[-5]	0
v	40	444.8918079219993	445.1416725989993	445.46172954099984	0	445.6398032240004	445.8108483419992	445.59546987499925	[5]	0
v	41	447.340961504	447.4374441909995	447.744279173	0	447.9038983260007	448.0768907499996	447.91219068099963	[-5]	1
n	42	449.8069491769993	449.97295384799963	450.2934835669994	0	450.4078552580004	450.6426994829999	450.4602687029992	[-5]	0
v	43	452.17301437699916	452.37274418499965	452.692980326	0	452.83192372400026	453.041951614	452.8439840989995	[5]	0
n	44	454.5721205889995	454.6606745959998	454.9753678349998	0	455.1759999420001	455.3245503019998	455.0758934329997	[-5]	0
v	45	456.85456378599974	456.877846845	457.19139354399977	0	457.400000355	457.54053319299965	457.3751089369998	[5]	0
n	46	459.07071820299916	459.18867788199987	459.5072660419992	0	459.6722802009999	459.85648545099957	459.5744767239994	[-5]	0
v	47	461.3872114229998	461.71698379899954	462.02314787399973	0	462.18408168899987	462.3723683419994	462.07376661299986	[5]	0
n	48	463.9022106269995	464.1730888489992	464.4890932999997	0	464.6883266720006	464.83827053799996	464.5562047629992	[-5]	0
v	49	466.36802749899925	466.56551794200004	466.87164927699996	0	467.1841590089998	467.2042169419992	466.9888853329994	[-5]	1
v	50	468.93485419099943	469.0526291549995	469.3708753989995	0	469.49623684200014	469.72007727799974	469.438047609	[5]	0
n	51	471.2502306919996	471.4141690309998	471.72015391700006	0	471.8882356710001	472.0693481439994	471.88726481199956	[-5]	0
v	52	473.59921463999945	474.63016746299945	474.93586228799995	0	475.14444239300065	475.2683406059996	475.06959514999926	[-5]	1
n	53	476.99889736099976	477.4777234719995	477.78498632299943	0	477.888375558	478.13420950099953	477.91836717599926	[-5]	0
v	54	479.6641952399996	479.8851654789996	480.2008505469994	0	480.5123735369998	480.55007078699964	480.33463611499974	[5]	0
n	55	482.0801493559993	482.09311181499925	482.40016425699923	0	482.54444195999986	482.7326940839994	482.450620996	[5]	1
v	56	484.4631154659992	484.51785971699974	484.8327424069994	0	484.9845067840006	485.1652675759997	484.9831836409994	[-5]	1
v	57	486.89527385399924	487.1093962819996	487.41532632599956	0	487.5445498879999	487.7644431099998	487.5820474429993	[5]	0
v	58	489.2943498989998	489.3177443199993	489.63125609599956	0	489.82464283599984	489.98043279399917	489.8149786449994	[5]	0
n	59	491.51030457699926	491.51723158999994	491.8305568729993	0	491.9846205720005	492.1630686799999	491.9310882359996	[5]	1
v	60	493.89347540199924	494.0454653779998	494.3631135199994	0	494.44899968700065	494.6956336159992	494.4798599119995	[-5]	1
n	61	496.4257838699996	496.6862907199993	496.99559526399935	0	497.2326679930002	497.344807982	497.04610687900004	[-5]	0
v	62	498.8750214799993	499.10180204099925	499.4114897969994	0	499.5207556160003	499.74406580100003	499.4620104279993	[-5]	1
v	63	501.4746591759995	501.7266507759996	502.04402326699983	0	502.3127616649999	502.3932637579992	502.1778100519996	[5]	0
n	64	503.9232268129999	504.15023949399983	504.4599413379992	0	504.6487150510002	504.80917821099956	504.64368223399924	[-5]	0
v	65	506.33907354299936	506.41494643999977	506.72598103199925	0	506.8648724900004	507.07507953999993	506.8430371479999	[5]	0
n	66	508.6053396369998	508.70217440299984	509.0085335529993	0	509.19289063500037	509.34110575499926	509.092327116	[5]	1
v	67	511.0713952139995	511.27073059399936	511.5910378789995	0	511.8092424940005	511.9235703839995	511.7582138559992	[-5]	1
v	68	513.6541881809999	513.8621252969997	514.1736384609994	0	514.3289786100004	514.5061227749993	514.2740940099993	[-5]	1
n	69	516.2366173619994	516.3669762119998	516.672837399	0	516.841026219	517.005327242	516.8399336509992	[5]	1
v	70	518.7357061899993	518.8784179159993	519.188802136	0	519.3212853209998	519.5212355069998	519.2391845639995	[-5]	1
n	71	521.2519299729993	521.4788468679999	521.7879360029992	0	521.9611531139999	522.1204281079999	521.9050894089996	[5]	1
v	72	523.8506806999994	524.0629922479993	524.3704162959993	0	524.4811804800001	524.7029531939997	524.5206126379999	[-5]	1
n	1	531.6468073339993	532.3034793249999	532.617837748	0	532.7293146689999	532.9670356119996	532.7683313879998	[-5]	0
v	2	534.4969706489992	534.583438783	534.9004983119994	0	535.0573518850006	535.2496667119995	535.0175916159997	[5]	0
n	3	536.7812417839996	536.8947867399993	537.2164470170001	0	537.4094062700005	537.5655986369993	537.2835338669993	[-5]	0
v	4	539.0957129979997	539.214132913	539.5323892409997	0	539.7294483650003	539.8648873889997	539.6495020209995	[-5]	1
n	5	541.5955123629992	541.894136377	542.2148526569999	0	542.3534868770003	542.5640246349994	542.29865324	[-5]	0
v	6	544.0941459769992	544.3273299789998	544.647477902	0	544.7695631530005	544.9799396549997	544.7975050769992	[-5]	1
v	7	546.7104463359992	546.8072150329999	547.1133191339995	0	547.2815892830004	547.462565537	547.2138433399996	[5]	0
n	8	548.9924764369998	549.0702334139996	549.3793225439995	0	549.5135889560006	549.7118251109996	549.5627150809996	[5]	1
v	9	551.441995956	551.6875582569992	551.9951934459996	0	552.2016510630001	552.3277085189993	552.0456051089996	[-5]	1
n	10	554.0581855559994	554.1025107689993	554.4110809690001	0	554.5536759370007	554.7602431589994	554.5448428679993	[-5]	0
v	11	556.2905516199999	556.3831782309999	556.6936678169996	0	556.9297989390006	557.0429050249995	556.7441450869992	[5]	0
n	12	558.5725169459993	558.6864887059992	558.9929481929994	0	559.1218625860001	559.3255131979995	559.1275977589994	[5]	1
v	13	561.0560563299996	561.2391444389996	561.5588298989996	0	561.7058382490004	561.8913414479994	561.6592809429994	[-5]	1
n	14	563.6215254749995	563.6305858199994	563.9414117039996	0	564.1218827430002	564.2906073849999	564.0752936569997	[-5]	0
v	15	565.8208220959996	566.007788502	566.3239895849993	0	566.5778666060005	566.656549796	566.5077905779999	[-5]	1
v	16	568.3865839869995	568.7517057699997	569.0731712649995	0	569.2339663700004	569.422346886	569.2235874829994	[5]	0
n	17	570.9532970869996	571.1675558829993	571.4890743839997	0	571.6340682730006	571.8216038969995	571.655823137	[5]	1
v	18	573.5521783799995	573.7915133709994	574.1049347079997	0	574.3140708360006	574.4374449779998	574.1887219219998	[-5]	1
n	19	576.1683549129993	576.246795047	576.5541770339996	0	576.6821084459998	576.9033483919993	576.720937997	[-5]	0
v	20	578.4353079369994	578.5426819919994	578.8535182349997	0	578.9061280080005	579.1859872489995	579.0202067829996	[-5]	1
n	21	580.9164634679992	580.9270133589998	581.2360217959995	0	581.4901206100003	581.5852373279995	581.336497323	[-5]	0
v	22	583.1153450849997	583.2629951549998	583.5689690289992	0	583.7142866510003	583.901174824	583.7024209399997	[-5]	1
n	23	585.6319054079995	585.7119563999995	586.0178762829992	0	586.1622944870005	586.3670727169992	586.1847576689997	[-5]	0
v	24	587.897332816	588.0470869439996	588.367153143	0	588.4743765590001	588.7163705509993	588.500672227	[5]	0
v	25	590.2461856169994	590.3351511029996	590.649769091	0	590.818650872	590.9822946849999	590.8002110029993	[-5]	1
v	26	592.7135043049993	592.7912173469995	593.0990412049996	0	593.2184047560004	593.4482300179998	593.2161543289994	[5]	0
n	27	594.9781866779995	595.1275029649996	595.4483613129996	0	595.5385319500001	595.797487977	595.5321156279997	[-5]	0
n	28	597.3275234169996	597.4476074709992	597.7643198789992	0	598.0184217040005	598.0967750709997	597.8647400479995	[5]	1
v	29	599.8271583779997	599.8882810689993	600.1969337589999	0	600.3627181810007	600.546026344	600.297330034	[5]	0
v	30	602.0761496949999	602.2231888029992	602.5294288499999	0	602.658557582	602.8786263379998	602.6132575489992	[5]	0
v	31	604.4084400089996	604.4716783019994	604.7787480279994	0	605.0109529640004	605.1279724649994	604.9624835770001	[5]	0
n	32	606.6582154489997	606.7842105549998	607.0946687529995	0	607.2107770430002	607.4271947929992	607.2448226619999	[5]	1
v	33	609.1578704499998	609.2000143039995	609.5106211339998	0	609.7228924689998	609.8431054499997	609.5610700799998	[-5]	1
n	34	611.5735336059997	611.7837533329994	612.09313114	0	612.3306573740001	612.4256813379998	612.1436625689994	[5]	1
v	35	614.1563333669992	614.37555238	614.6923630479996	0	614.9071092040003	615.041505485	614.759517341	[5]	0
n	36	616.5717382999992	616.7595681599996	617.074949803	0	617.258832642	617.4241023959994	617.1420613029995	[-5]	0
v	37	618.9542861339996	619.1917372319995	619.5074867889998	0	619.7391058250005	619.8567376689998	619.607967856	[5]	0
v	38	621.3867461479995	621.9198681139997	622.2399728869996	0	622.4508906930005	622.589212633	622.3571215649999	[5]	0
n	39	624.1190260179992	624.4556605279995	624.7725171249995	0	624.914968989	625.1050571569995	624.8231675839997	[5]	1
v	40	626.8355840039994	627.1293803629997	627.4383980089997	0	627.6430015510005	627.7875355619999	627.5054899509996	[5]	0
n	41	629.3172581869994	629.359628829	629.670997745	0	629.8271153659998	630.0034994489997	629.7381145099998	[5]	1
v	42	631.7341347319998	631.9923349749997	632.3034817949992	0	632.4991050910003	632.6526749169998	632.4706190929992	[5]	0
n	43	634.1827605279996	634.2797678259994	634.5861318999996	0	634.7551786350004	634.9353045389998	634.7707825649995	[-5]	0
v	44	636.4650997169992	636.4718437659994	636.7854837959994	0	636.9791738829999	637.1179672609996	636.9525258149997	[-5]	1
n	45	638.8489851589993	639.0567916919999	639.3679435739996	0	639.4912599190002	639.7171120129997	639.4184624299996	[-5]	0
v	46	641.2474438989993	641.2644364399994	641.5839253679997	0	641.739251078	641.9165032709998	641.6677239269993	[-5]	1
v	47	643.646662098	643.6509581820001	643.9665228569993	0	644.1553780040003	644.3157095789993	644.1503759369998	[5]	0
n	48	645.84575675	646.0960431539997	646.4158001870001	0	646.5633388980004	646.7649532859996	646.4662433589992	[-5]	0
v	49	648.2959660439992	648.4407621349992	648.7483676479997	0	648.9234481240001	649.0809401019997	648.8987864860001	[-5]	1
n	50	650.8112368429993	651.0086015999996	651.3142279669992	0	651.5234404560006	651.6467740419994	651.3647006209994	[5]	1
n	51	653.3775900289993	653.4492064879996	653.7634479239996	0	653.8514770620004	654.096043691	653.9469081889993	[5]	1
v	52	655.8265178089996	656.0889687409999	656.3960332689994	0	656.4755773400002	656.7451870899995	656.4806335849999	[5]	0
n	53	658.2753127769993	658.5926369109993	658.9118876209996	0	659.1555746060003	659.2444030899997	659.0457064319999	[5]	1
v	54	660.9749094729996	661.1603656379993	661.4777234619996	0	661.651685631	661.8102736659994	661.6115445519999	[-5]	1
n	55	663.540922532	663.6082643479995	663.9269480489993	0	664.0758848160003	664.259492618	664.0786659149999	[5]	1
v	56	665.9904337059997	666.00106357	666.3095552049999	0	666.483700326	666.6587843249999	666.393405277	[5]	0
n	57	668.1885650629993	668.249606206	668.5588621299994	0	668.6678019890005	668.9080654509999	668.6593601679997	[-5]	0
v	58	670.4377054759998	670.6646235369999	670.9747796940001	0	671.1557719250004	671.3239726509992	671.0919554339998	[5]	0
n	59	672.8541705779999	673.0096473049998	673.3240512169996	0	673.3718042119999	673.6565787029995	673.4742007619998	[5]	1
n	60	675.3873796749995	675.5363727329996	675.8566183089997	0	676.1159681520003	676.2057917359998	676.0408481559998	[-5]	0
v	61	677.7359768429997	677.9126271759997	678.2224965729993	0	678.3959240539998	678.571721841	678.3567311709994	[5]	0
n	62	680.1017543079997	680.4017921909999	680.7217581709992	0	680.9240055850005	681.0543408629992	680.7893666629998	[5]	1
n	63	682.7846421539998	682.86460523	683.1711003599994	0	683.3400215540005	683.5201844139992	683.3555218519996	[-5]	0
v	64	685.0504760859994	685.2086120459999	685.5202525519999	0	685.7400343150002	685.8528231419996	685.6373702229994	[-5]	1
n	65	687.5830635059992	687.8496044479998	688.1694273549992	0	688.3240994340003	688.5020127549997	688.2532336369995	[5]	1
n	66	690.2325298899996	690.3293200799999	690.6353472239998	0	690.796147952	690.9845369599998	690.7524870589996	[-5]	0
v	67	692.5146659499997	692.6744099119996	692.9846476639996	0	693.1721727960003	693.3338151749995	693.1517320479998	[5]	0
n	68	694.8639594369997	695.2253510649998	695.5338800019999	0	695.6602672870004	695.8830273909998	695.6343837750001	[-5]	0
v	69	697.412971402	697.6091614739998	697.9164667629993	0	698.1083120500007	698.2490095939993	698.0335556969994	[-5]	1
n	70	699.9794576429995	700.216996057	700.5323618129996	0	700.6843429710007	700.8814698329998	700.5994477419999	[-5]	0
v	71	702.4115560239998	702.5064038979999	702.814898314	0	702.9327781689999	703.1640915169992	702.9817143949995	[5]	0
n	72	704.6939789099997	704.9131285209996	705.2308206379994	0	705.3724825810004	705.5800208269993	705.2980262359997	[-5]	0
n	1	747.6106534849996	750.9540299359996	751.2664740539994	0	751.3893037890002	751.5990200979995	751.3170239649999	[5]	1
v	2	753.3296069429998	753.6025259609996	753.9156591880001	0	754.1013103310006	754.2482172249993	754.0661318909997	[-5]	1
n	3	755.9788159629998	756.2265819349996	756.5483921739997	0	756.6773419680003	756.8807317769997	756.5987046289993	[5]	1
v	4	758.6107677569998	759.0180200649993	759.3307382489993	0	759.4934531360004	759.6632564889997	759.5140854699994	[-5]	1
n	5	761.3936920379992	761.6581983319993	761.9799400129996	0	762.0774739030003	762.3290341239999	762.1132505989999	[-5]	0
v	6	763.8595448309998	764.0108400529998	764.3291152429993	0	764.4694828370002	764.6782903489993	764.3963024459999	[5]	0
n	7	766.2086363079998	766.4503729499993	766.7616668419996	0	766.9736321340006	767.110897093	766.8288223869995	[-5]	0
v	8	768.6411962009997	768.891175234	769.2108957439996	0	769.3656125739999	769.5434406589993	769.3614001209999	[-5]	1
n	9	771.2738550849999	771.5223150539996	771.8434652419992	0	771.9736241700002	772.1926237919997	771.8939890709999	[-5]	0
v	10	773.7226768229993	773.8278000789996	774.1427194889993	0	774.3336512690003	774.4919152549992	774.2098594179997	[5]	0
n	11	776.0218043239993	776.810739562	777.125201074	0	777.2617356609999	777.4576671579998	777.2422465589998	[5]	1
v	12	779.1880137359994	780.9146570889998	781.2238469659997	0	781.3817896070004	781.5563737949997	781.2743015279993	[-5]	1
n	13	783.286467072	783.8110239909993	784.1229615549992	0	784.2778470130006	784.4554892269998	784.2567500229998	[5]	1
n	14	786.1860831659997	789.1067829139993	789.4213090469993	0	789.5659376160002	789.7538447679999	789.5385091159997	[5]	1
v	15	791.4842464629992	792.7239667139993	793.0368637779993	0	793.141997357	793.3860673569998	793.2036251729996	[5]	0
n	16	794.9161350529994	794.9309318789992	795.2528447959994	0	795.4540462630002	795.5853952009993	795.3033014419998	[5]	1
n	17	797.3159516609994	800.5241344769993	800.834400324	0	800.9581414849999	801.1669469379995	800.9348615789995	[5]	1
v	18	802.897559387	803.130834826	803.450270755	0	803.6142495690001	803.7827630279999	803.5007478799998	[-5]	1
n	19	805.5134308229999	805.7317478769992	806.0494798339996	0	806.1582225040002	806.3820091089992	806.1995440209994	[5]	1
v	20	808.1137174609994	808.2110665769997	808.5320146689992	0	808.6862628090003	808.8645676189999	808.6999417549996	[-5]	1
n	21	810.59512696	810.6519372729999	810.9646845759999	0	811.1023543470001	811.3137864579994	811.0651490739992	[-5]	0
v	22	812.8439662089995	812.9554159339996	813.2638826829998	0	813.4303741089998	813.6130807709997	813.3309994019992	[5]	0
n	23	815.1432442759997	815.251134176	815.5631620969998	0	815.7825247460005	815.9123827919993	815.6303098549997	[-5]	0
n	24	817.4424613539995	817.5790662989994	817.8958060329996	0	818.102466886	818.2283625029995	818.0628896589997	[5]	1
n	25	819.9589925089995	820.1080888479992	820.428411336	0	820.6545665350004	820.7775837279996	820.495523822	[-5]	0
v	26	822.3074071249994	823.1553290689999	823.4607882529999	0	823.6225636030003	823.8099372069992	823.5778823459996	[5]	0
n	27	825.339997688	982.3501920949993	982.6613074949992	0	982.9136746860004	983.0104806709996	982.8117211139997	[-5]	0
v	28	984.5409093929993	984.6146850899995	984.9272420469997	0	985.0015136330003	985.2598349099999	985.0777727969999	[-5]	1
n	29	986.9904991159992	987.2702491349992	987.5765110259999	0	987.7456731620005	987.9089608029999	987.7610400979993	[5]	1
v	30	989.6407699719994	989.6954739069997	990.0090325649999	0	990.1056277070002	990.3582249359997	990.1424292309994	[5]	0
n	31	991.8884825369996	992.0147712759999	992.3250948559999	0	992.4656708700004	992.6574930629995	992.4088156999996	[5]	1
v	32	994.3883440209993	994.65497177	994.974125744	0	995.0898876930005	995.3066658459993	995.1075950739996	[-5]	1
n	33	997.0371162789997	997.2385697379996	997.5567792029997	0	997.7857618710004	997.9058565369996	997.6571579439997	[-5]	0
n	34	999.4359440549997	999.6712954029999	999.9893137639992	0	1000.1380573860006	1000.3384419269996	1000.1063739449992	[-5]	0
v	35	1001.8690850119992	1001.9745501519992	1002.2885546129992	0	1002.5138435140007	1002.6377291379995	1002.3723350939999	[5]	0
n	36	1004.1677715849992	1004.2227480169995	1004.5378144159995	0	1004.7298787509999	1004.8704904189999	1004.6049586039999	[5]	1
n	37	1006.6009100429992	1006.6226212919992	1006.9370623679997	0	1007.1059478450006	1007.2695853989999	1007.0875779219996	[5]	1
v	38	1009.0003321239992	1009.1346807519994	1009.4529617149992	0	1009.545987083	1009.8022106469998	1009.5541900809994	[5]	0
n	39	1011.3319342469995	1011.4306721089997	1011.7522348739994	0	1011.9543441160004	1012.0847974569997	1011.8360643839997	[5]	1
v	40	1013.8153097109998	1014.2390541629993	1014.5513552379998	0	1014.7620782459999	1014.9006237569993	1014.7184955729999	[5]	0
n	41	1016.4304882589995	1016.6552180829995	1016.9672924719998	0	1017.194127068	1017.3165412039998	1017.0178001979993	[-5]	0
[]	42	1018.8467103659996	1019.1028043029992	1019.4165383209993	0	0.0	1019.7664223489992	1019.6003861909994	[5]	0
v	43	1021.2962710469992	1021.334898008	1021.6491733639996	0	1021.8422163450005	1021.9817466269997	1021.8163028039999	[-5]	1
n	44	1023.7120850469992	1023.7270019139996	1024.048446111	0	1024.2582421410007	1024.38095763	1024.232186962	[5]	1
n	45	1026.1113758449992	1026.19978678	1026.5143325749996	0	1026.7862908420002	1026.8468654519993	1026.6314389899999	[5]	1
n	46	1028.5773132249997	1028.6552427849992	1028.9635468219994	0	1029.1625001560005	1029.2960983129997	1029.0640102849993	[5]	1
v	47	1031.0275261589995	1031.447421209	1031.7627075569999	0	1032.0264010930005	1032.0952339659998	1031.8799200459998	[-5]	1
n	48	1033.8259337499994	1033.9352196789996	1034.245312266	0	1034.4425041579998	1034.5944456799998	1034.3457890569998	[-5]	0
v	49	1036.124226289	1036.208326731	1036.5278769829993	0	1036.7064873090003	1036.8770767259994	1036.712528643	[5]	0
n	50	1038.4068544599995	1038.4554853669997	1038.77723289	0	1038.9546013850004	1039.1264091519997	1038.8943306219999	[-5]	0
n	51	1040.6566476839998	1040.7198303429996	1041.026486883	0	1041.1625784380003	1041.3756854469993	1041.193294453	[-5]	0
v	52	1042.9059135009993	1043.0322372589999	1043.3424280049994	0	1043.5788217170002	1043.6916322279994	1043.4929421399993	[5]	0
n	53	1045.2216838539998	1045.287542784	1045.6084184739993	0	1045.8266719029998	1045.9576301609995	1045.6921897789998	[-5]	0
n	54	1047.4878721169998	1047.615827789	1047.9243888669998	0	1048.1068902630004	1048.2735420679992	1047.9914598999994	[-5]	0
v	55	1049.804908102	1050.0965525089996	1050.4068737369998	0	1050.5627351459998	1050.756083493	1050.5573832719992	[5]	0
v	56	1052.2862194659992	1052.3915103189993	1052.7061924519994	0	1052.9391264380001	1053.0387295159999	1052.8899728959996	[-5]	1
n	57	1054.769266968	1055.1597273159996	1055.4720648759994	0	1055.6028792340003	1055.8211990279997	1055.5557823989993	[-5]	0
v	58	1057.3521112409999	1057.4717501209998	1057.7880316199999	0	1057.9469033340001	1058.137152798	1057.9217463289997	[5]	0
v	59	1059.667081351	1059.79169474	1060.1039562449996	0	1060.2509155610005	1060.4530831339998	1060.2376790519993	[5]	0
n	60	1061.9834458299993	1062.1199326139995	1062.436613713	0	1062.539086367	1062.7856940909996	1062.569918708	[-5]	0
v	61	1064.3157531409997	1064.4482349119999	1064.769100384	0	1064.9470088460002	1065.101652888	1064.9537532589993	[-5]	1
v	62	1066.8318433109998	1066.855745252	1067.1684201989992	0	1067.379031677	1067.5008775669994	1067.2854967619996	[-5]	1
n	63	1069.2314372709998	1069.328121738	1069.634225754	0	1069.779045282	1069.9667522209993	1069.7180005459995	[5]	1
v	64	1071.6972741169993	1071.8570274889998	1072.1668769299995	0	1072.3153033540002	1072.5159445129993	1072.2672756429993	[5]	0
n	65	1074.046431748	1074.231806848	1074.549316402	0	1074.7313631759998	1074.8985335819998	1074.6331401859998	[-5]	0
v	66	1076.4283316769997	1076.5357599749996	1076.8486325259992	0	1076.9871678970003	1077.1811967959993	1077.0153780069995	[-5]	1
n	67	1078.9115300079993	1078.9998371449992	1079.314595152	0	1079.5152062860006	1079.6636994889996	1079.4482827439997	[-5]	0
v	68	1081.193745179	1081.4562483869995	1081.763684859	0	1081.8832556010002	1082.1129043849996	1081.930529716	[5]	0
n	69	1083.6429458969997	1083.936985024	1084.2462928629993	0	1084.4192140800005	1084.578799086	1084.2967305539996	[5]	1
v	70	1086.309736577	1086.4798211899997	1086.7954340859997	0	1087.0752151790002	1087.12796541	1086.9792261739995	[-5]	1
n	71	1088.8584192709995	1089.1209604449996	1089.427916791	0	1089.6192361110006	1089.7771702499995	1089.5284185729997	[-5]	0
v	72	1091.3070487559999	1091.3931653159998	1091.7105315189992	0	1091.9392472529998	1092.0430354559994	1091.7943233959995	[-5]	1
n	1	1098.6572624969995	1099.456528232	1099.7745913189992	0	1099.9397087860007	1100.123798007	1099.8417964759992	[-5]	0
v	2	1101.6540472999995	1101.75271626	1102.0739886789997	0	1102.2596638120003	1102.406510451	1102.2410334859997	[-5]	1
n	3	1104.1366862409996	1104.432780528	1104.739696138	0	1104.9314646350003	1105.0889727669992	1104.8570307159998	[-5]	0
v	4	1106.6191205839996	1106.7998083539997	1107.105647595	0	1107.2674072560003	1107.438180313	1107.1560725219997	[-5]	1
n	5	1109.1686632719993	1109.4333402209995	1109.7547814949994	0	1109.923493534	1110.104120766	1109.8385563789998	[-5]	0
v	6	1111.6338456309995	1111.7053179519999	1112.020818307	0	1112.2274735680003	1112.3699242029998	1112.1046224759993	[5]	0
n	7	1113.8997122479996	1114.0888032049997	1114.4032766139999	0	1114.611492053	1114.7358286549998	1114.5537101049995	[5]	1
v	8	1116.4665444329994	1116.5610465289992	1116.8692626289994	0	1117.1155159770005	1117.2017018719998	1117.0196118499998	[-5]	1
n	9	1118.9320182009997	1118.9682481069995	1119.2851938539998	0	1119.5475610889998	1119.6342636699992	1119.3522826419994	[-5]	0
v	10	1121.164327431	1121.2003237569998	1121.5176945069998	0	1121.7475390560003	1121.8669243599998	1121.5682269299996	[5]	0
v	11	1123.3969096559995	1123.5124855679996	1123.8336226289994	0	1124.0596834320004	1124.1828739329994	1123.8841354719998	[5]	0
n	12	1125.713190937	1125.7700558849992	1126.0831489389993	0	1126.411550453	1126.4168315869993	1126.216722051	[5]	1
v	13	1128.146123822	1128.4967095009997	1128.8154168329993	0	1128.9876573239999	1129.1479145659996	1128.9492265849995	[-5]	1
n	14	1130.8785639769994	1131.1602975529995	1131.4811743649998	0	1131.6756872980004	1131.8303903119995	1131.5649919069992	[-5]	0
v	15	1133.3603415259995	1133.4088129169995	1133.7305479119996	0	1133.9396962790006	1134.0629755539994	1133.7977011089997	[-5]	1
v	16	1135.7934604289994	1136.1043803459997	1136.4129491899994	0	1136.60372172	1136.7455456509997	1136.563398503	[-5]	1
n	17	1138.4761809019992	1138.61694076	1138.928833348	0	1139.171753951	1139.278031111	1138.9792775119995	[-5]	0
v	18	1140.8080831949992	1141.024516386	1141.3446942419996	0	1141.523882474	1141.6772740739998	1141.5118322109993	[-5]	1
n	19	1143.4077626379994	1143.6724351599996	1143.9939232809993	0	1144.5478460570002	1144.343602043	1144.0944008749993	[5]	0
n	20	1145.8731104609997	1146.1365291379998	1146.4430604419995	0	1146.5638235820006	1146.792288957	1146.5776822419994	[-5]	0
v	21	1148.32240095	1148.673043199	1148.9922447299996	0	1149.1718633700002	1149.3414885869997	1149.092815385	[5]	0
n	22	1150.8715437409992	1151.1531547169998	1151.4748629379992	0	1151.5878838540002	1151.8239952049998	1151.6581815229993	[-5]	0
v	23	1153.354150397	1153.633465375	1153.940699326	0	1154.179915359	1154.2732188379996	1154.0911959609994	[-5]	1
n	24	1156.003874733	1156.217942671	1156.5398644279994	0	1156.7239269950005	1156.872424968	1156.656968411	[5]	1
v	25	1158.6028079979997	1158.9615671769998	1159.272306453	0	1159.435969819	1159.6219209739993	1159.3561287779994	[5]	0
n	26	1161.151393356	1161.3530726549998	1161.6715692239995	0	1161.8202628030003	1162.0040948769993	1161.7893068909998	[5]	1
v	27	1163.7344351889997	1163.8018303069994	1164.1208009819993	0	1164.2600261880007	1164.4533011249996	1164.2212542389998	[-5]	1
n	28	1166.1838195789996	1166.4088130179998	1166.7200110369995	0	1166.8280440489998	1167.0691472089993	1166.8037303329993	[-5]	0
v	29	1168.5999092039992	1168.8329587999997	1169.1525333	0	1169.4200173190002	1169.5016990109998	1169.3029229899994	[5]	0
n	30	1171.0318223279992	1171.296901369	1171.618380084	0	1171.7080944050003	1171.9509632539994	1171.7196438479996	[5]	1
v	31	1173.681304881	1174.0169880189997	1174.3342602739995	0	1174.460152699	1174.6834094679998	1174.4347457009999	[5]	0
n	32	1176.213379629	1176.3458187059996	1176.6668256469993	0	1176.7561314129998	1176.9993437029998	1176.7506129539997	[5]	1
v	33	1178.7303053429996	1178.9614863399993	1179.2826220479992	0	1179.4201761940003	1179.6151998139994	1179.3998339119998	[-5]	1
n	34	1181.345862667	1181.7448376129996	1182.0650903509995	0	1182.1806526520004	1182.3976132889993	1182.183023314	[5]	1
n	35	1184.1299747009998	1184.3862020369997	1184.6975818809997	0	1184.8602515130005	1185.0301700349992	1184.8480384149998	[5]	1
v	36	1186.7607197049992	1187.5689413719992	1187.8799130519992	0	1188.0043081120002	1188.2124234469993	1188.0632889229992	[-5]	1
n	37	1189.9428198389996	1190.4652880519998	1190.7790215269997	0	1190.9723579749998	1191.1281793769995	1190.8794852429992	[-5]	0
v	38	1192.6579984849996	1192.9856133489993	1193.2948720069999	0	1193.4363463300006	1193.6440482889993	1193.428645127	[5]	0
v	39	1195.174259679	1195.3048552749997	1195.6108064	0	1195.732447941	1195.9599764569994	1195.794277813	[5]	0
n	40	1197.4902860479997	1197.6252102259996	1197.9433677629995	0	1198.1087457459998	1198.2925499419998	1198.0605329219998	[-5]	0
v	41	1199.8223985799996	1199.8415052439996	1200.1593392999994	0	1200.3565159790005	1200.491869257	1200.3265083339993	[-5]	1
n	42	1202.2226403289997	1202.3050927299992	1202.6252188359995	0	1202.868528807	1202.9577802149997	1202.6923837099994	[5]	1
v	43	1204.688513266	1204.9383866449998	1205.2578090089992	0	1205.3805713130005	1205.6069177209993	1205.4411115979992	[5]	0
n	44	1207.1370440149994	1207.3304409939992	1207.6403586689994	0	1207.8205177090003	1207.9894892009997	1207.7407643749993	[-5]	0
v	45	1209.5197889709998	1209.6185133999998	1209.9395358209995	0	1210.0125770350005	1210.2887374149996	1210.1063356409995	[5]	0
v	46	1211.8187761609997	1211.961486239	1212.272129909	0	1212.3566712640004	1212.6046808169995	1212.3392843499996	[-5]	1
n	47	1214.3354669389992	1214.474045047	1214.7879884349995	0	1214.9406459970005	1215.1372017269996	1214.8384931639994	[-5]	0
v	48	1216.6673146819994	1216.9696073309997	1217.2871863769997	0	1217.484720206	1217.6364041939996	1217.3377122439997	[5]	0
n	49	1219.1663849879997	1219.3534249579998	1219.6698228579999	0	1219.8688304100006	1220.0023219199993	1219.7536042309994	[5]	1
v	50	1221.7331895389998	1221.929176275	1222.2356410939992	0	1222.3966695220006	1222.568165195	1222.4191081279996	[-5]	1
n	51	1224.298357834	1224.4182354319992	1224.7348506089993	0	1224.8447212050005	1225.084119262	1224.8529674709998	[-5]	0
v	52	1226.6144824289995	1226.7131393	1227.0341120099993	0	1227.228744346	1227.383364716	1227.1013107119998	[5]	0
v	53	1228.9135954349995	1229.0822712949994	1229.400088288	0	1229.580806553	1229.749220191	1229.5338438639992	[5]	0
n	54	1231.279131196	1231.3382411069997	1231.6493201799994	0	1231.7811593770002	1231.981854875	1231.8160755569997	[5]	1
v	55	1233.7121970599992	1234.5056932049993	1234.8150125399998	0	1234.9490108950004	1235.1641997549996	1234.8821399769995	[5]	0
n	56	1236.694132441	1236.80147735	1237.114253451	0	1237.2688576010005	1237.4634582649996	1237.264737906	[-5]	0
v	57	1238.993560344	1239.258348081	1239.5801431539994	0	1239.700905484	1239.929330084	1239.7636029659998	[5]	0
n	58	1241.4592323519992	1241.6588075129994	1241.9793872659993	0	1242.1011502800002	1242.3119119049998	1242.1294626599993	[5]	1
v	59	1244.04296996	1244.265972829	1244.5786917669993	0	1244.7089315510002	1244.9277584409992	1244.7133338029998	[5]	0
n	60	1246.4576951669997	1246.8018520449996	1247.1110989899998	0	1247.2690401560003	1247.4436109859998	1247.1782166009998	[5]	1
v	61	1249.1741881959997	1249.4896873789994	1249.8102506039995	0	1249.9570065180005	1250.1427666599993	1249.8607257329995	[-5]	1
n	62	1251.8730029239996	1256.010279954	1256.3248692979996	0	1256.3891635090004	1256.657410205	1256.3753227949992	[5]	1
v	63	1258.3877683839992	1258.762099685	1259.0740808539995	0	1259.2691989240002	1259.4231630179993	1259.2410739729994	[5]	0
n	64	1260.9532322259993	1261.2828313989994	1261.5898536209997	0	1261.9330949700006	1261.940477364	1261.7569420589998	[5]	1
v	65	1263.6697647759993	1263.921826361	1264.238984222	0	1264.4451995079999	1264.5715312019993	1264.339435162	[-5]	1
n	66	1266.3018529909996	1266.5873605179995	1266.904829919	0	1267.077300502	1267.2373345219994	1267.021989629	[5]	1
v	67	1268.9678296379998	1269.1619491749998	1269.470656947	0	1269.6452397820003	1269.8032227029998	1269.6044892269992	[-5]	1
n	68	1271.5334494639992	1271.7874347519992	1272.1031800709998	0	1272.2381667139998	1272.4524080109995	1272.2699042589993	[-5]	0
v	69	1273.9832552989992	1274.5543755179997	1274.8690147349998	0	1275.2132785009999	1275.2196032779993	1275.0527763049995	[5]	0
n	70	1276.7482869749992	1277.050628041	1277.3688187669995	0	1277.5174869230004	1277.7173652789998	1277.5515617049996	[-5]	0
v	71	1279.2472675989993	1279.698692424	1280.017424148	0	1280.2133668960005	1280.3498716899994	1280.1012052349997	[-5]	1
n	72	1282.0802104119994	1282.2993172049992	1282.6165572109994	0	1282.8773367020003	1282.9657042999997	1282.751006089	[-5]	0
v	1	1289.4269894319996	1289.7944270599992	1290.114127592	0	1290.221562826	1290.4467075009998	1290.1979464099995	[-5]	1
n	2	1292.1775376589994	1292.4588236499994	1292.7799583209999	0	1292.8775319180004	1293.1291494849993	1292.8967227839994	[-5]	0
v	3	1294.6591664019998	1294.9223475869994	1295.229156204	0	1295.3815612280005	1295.5784266169994	1295.4125978169996	[5]	0
n	4	1297.1084105399996	1297.4024026769994	1297.7117244739993	0	1297.8375819869998	1298.044278511	1297.8289793269996	[5]	1
v	5	1299.7746902509998	1299.7791998519997	1300.0942890019996	0	1300.3016344020007	1300.4268404179993	1300.1614449139997	[-5]	1
n	6	1302.157704153	1302.2502474849998	1302.5601948029998	0	1302.7097018060003	1302.9093964519998	1302.7436242679996	[-5]	0
v	7	1304.4397497689997	1304.6831985639992	1304.9927678109998	0	1305.1258347390003	1305.3420056819996	1305.0765795999996	[5]	0
n	8	1306.8719858139993	1306.9476497369997	1307.2587193729996	0	1307.3739870959998	1307.6078947919996	1307.3766360089994	[-5]	0
v	9	1309.138015601	1309.4906418259998	1309.807892365	0	1309.9337391790004	1310.1570919219994	1309.9083779129996	[5]	0
v	10	1311.687110338	1311.899266933	1312.2071274419995	0	1312.4137768890005	1312.5396648039996	1312.2743276639994	[-5]	1
n	11	1314.270140476	1314.6352498379993	1314.9563232679993	0	1315.5498006690004	1315.3061923659998	1315.1233694659995	[5]	0
n	12	1316.8355329719998	1316.938769073	1317.2555385259993	0	1317.3578548710002	1317.6049289109997	1317.3734406549993	[-5]	0
v	13	1319.1346424659996	1319.410587755	1319.721474389	0	1319.9179112230004	1320.0706589619995	1319.8385633009993	[5]	0
n	14	1321.6004162219997	1322.2425912569997	1322.5538618409992	0	1322.7179060839999	1322.8863880009994	1322.704289235	[5]	1
n	15	1324.617369005	1325.7795502629997	1326.086203551	0	1326.2459063420001	1326.4186073169994	1326.1365905379998	[5]	1
n	16	1328.1493455169993	1328.4916317279994	1328.8018889689993	0	1328.974044472	1329.1510771949997	1328.8692410639997	[-5]	0
v	17	1330.6812222959998	1330.962729725	1331.2851259769996	0	1331.6459486560007	1331.6341607169998	1331.334888372	[-5]	0
v	18	1333.163673354	1333.2587219709994	1333.5670415499999	0	1333.8380056410006	1333.9162295779997	1333.735169517	[5]	0
n	19	1335.446696512	1335.6756731749992	1335.9829447439997	0	1336.0860945290005	1336.3321724419993	1336.0334582449996	[-5]	0
v	20	1337.8625368639996	1338.1480887029993	1338.4655198779992	0	1338.6061625410002	1338.7980652719998	1338.566061826	[-5]	1
n	21	1340.5288141809997	1340.7637618419994	1341.0813676789994	0	1341.2622250020004	1341.430540941	1341.2317966439996	[-5]	0
v	22	1342.960609617	1342.9949370169998	1343.3139636529995	0	1343.4543468450001	1343.663231826	1343.3978750609995	[5]	0
n	23	1345.193155088	1345.4202201139997	1345.7299037159992	0	1345.8941764830006	1346.0624152759992	1345.7804506539997	[5]	1
n	24	1347.793077755	1348.0196971469995	1348.3290765149995	0	1348.438228907	1348.6782417739996	1348.3962547219999	[-5]	0
v	25	1350.2080700869992	1350.380226274	1350.6949666689998	0	1350.8382600860004	1351.0274975069997	1350.8288254559993	[-5]	1
n	26	1352.7581781019999	1352.9389362109996	1353.2608471609992	0	1353.3822960490006	1353.593363983	1353.3613576079997	[5]	1
v	27	1355.3236865769995	1355.5481858399999	1355.8600194419996	0	1355.9983922410001	1356.2092250309997	1356.011234175	[5]	0
n	28	1357.7392951939992	1358.0269548829992	1358.3425791149994	0	1358.4463575190002	1358.6750839409997	1358.4760189949993	[5]	1
v	29	1360.4056452189998	1360.7163020519993	1361.025069888	0	1361.13439216	1361.3742874209993	1361.142990675	[5]	0
n	30	1362.904395943	1363.0913631439998	1363.407608738	0	1363.5184587949998	1363.7401433769992	1363.5744153079995	[5]	1
n	31	1365.4711916899996	1365.515399899	1365.8235223909996	0	1365.9665124880003	1366.1727208639995	1365.9073439699996	[-5]	0
v	32	1367.7032514619996	1368.0283933029996	1368.33936989	0	1368.5585482220004	1368.6719173439997	1368.4901834839993	[-5]	1
n	33	1370.402224163	1370.5323586229997	1370.8385905429996	0	1370.950518449	1371.1877819299998	1371.0053824329998	[-5]	0
n	34	1372.7178761569994	1372.7475695999992	1373.0545608249995	0	1373.2388672719999	1373.403756369	1373.1883624009997	[-5]	0
v	35	1374.933778826	1375.1962523529992	1375.5037864139995	0	1375.6305917079999	1375.836341063	1375.6385125419993	[-5]	1
n	36	1377.5669780539993	1377.7559078169998	1378.0697148909994	0	1378.2946673880006	1378.4188292039998	1378.2200802089992	[-5]	0
v	37	1379.9491748729997	1379.9793646709995	1380.2856783009993	0	1380.4466232310006	1380.6348097479995	1380.41939241	[5]	0
n	38	1382.1649546099998	1382.4194691089997	1382.7348539589993	0	1382.8387644630002	1383.067378658	1382.88495574	[5]	1
v	39	1384.79752363	1385.0119064189994	1385.3173833659994	0	1385.4867555279998	1385.666654779	1385.501969516	[5]	0
n	40	1387.1965906359992	1387.5640230769995	1387.8832403009992	0	1388.078659959	1388.2324130009993	1387.9337271549994	[-5]	0
v	41	1389.7624010719992	1389.7879111859993	1390.099193002	0	1390.2149826470004	1390.4317247659992	1390.2659365829995	[-5]	1
n	42	1392.1618632269992	1392.3802137539997	1392.6983558819993	0	1392.7908070270005	1393.0308697209994	1392.7996502609994	[5]	1
v	43	1394.7621626249993	1394.7715399379995	1395.0810621719993	0	1395.2791997660006	1395.4301877049993	1395.2313849029997	[5]	0
n	44	1396.9598365829997	1397.2517123299995	1397.5634950169997	0	1397.7827977710003	1397.8960335329994	1397.6639665779994	[5]	1
v	45	1399.6264221969996	1399.82815802	1400.1460207889995	0	1400.2549154140006	1400.495255928	1400.3127634599996	[5]	0
n	46	1402.025321221	1402.2276272319996	1402.5452502879998	0	1402.6629216810006	1402.894448729	1402.59573224	[-5]	0
v	47	1404.4245714809995	1404.724595623	1405.0446047749992	0	1405.24700415	1405.3769986199995	1405.1949081679995	[-5]	1
n	48	1407.1075730119992	1407.133014395	1407.4437975789997	0	1407.6070248670003	1407.7762356039993	1407.5112354659996	[5]	1
v	49	1409.5067031889994	1409.5236787179992	1409.8429521099997	0	1409.9831145080007	1410.175486391	1409.9767978249993	[-5]	1
n	50	1411.9061363689998	1412.0117469499992	1412.3255197169992	0	1412.4951199430006	1412.6580551059997	1412.3926819869994	[5]	1
v	51	1414.3885194249997	1414.4038618199993	1414.7249073079993	0	1414.8631669040005	1415.0572782099998	1414.825202598	[-5]	1
n	52	1416.787848942	1416.8760876279994	1417.1907244679996	0	1417.343221913	1417.5398195969992	1417.3077966179999	[-5]	0
v	53	1419.0694730219993	1419.3798769369996	1419.6898437089994	0	1419.8471772270004	1420.0223894609999	1419.8732583169995	[-5]	1
n	54	1421.7527919589993	1422.0214918059992	1422.3390052609993	0	1422.5671539230007	1422.6715394439998	1422.4229257029992	[5]	1
v	55	1424.4023243229994	1424.541149707	1424.8548828479998	0	1424.9672468180006	1425.1874008609993	1425.0383860289994	[-5]	1
n	56	1426.9180803629997	1426.9728582579992	1427.2874414709995	0	1427.3672659590002	1427.6366302729994	1427.4542826239995	[-5]	0
v	57	1429.1671748319995	1429.452671301	1429.770064497	0	1429.8873099430002	1430.1025585889993	1429.8538385059992	[-5]	1
v	58	1431.833272545	1431.9971963219996	1432.3025299439996	0	1432.4954017740001	1432.6517388499997	1432.3696682659993	[5]	0
n	59	1434.1820703569992	1434.3000574709995	1434.6184786169997	0	1434.75937574	1434.9510022679997	1434.752307238	[5]	1
v	60	1436.6816499759998	1436.908480172	1437.2177264269994	0	1437.327450713	1437.5668629689999	1437.2681193569997	[5]	0
n	61	1439.0976546379998	1439.2131696259994	1439.5336293669998	0	1439.6875044409999	1439.8661390649995	1439.650732614	[5]	1
v	62	1441.5964212539993	1441.8366512959992	1442.1494844439994	0	1442.319554005	1442.4819735449992	1442.3165345389998	[-5]	1
n	63	1444.2121792909993	1444.716174065	1445.031857477	0	1445.1516972959998	1445.3644300649994	1445.2152922979994	[5]	1
v	64	1447.095189521	1447.445850272	1447.7646763459998	0	1447.9755686050003	1448.096865263	1447.8648664349994	[-5]	1
n	65	1449.8275481329993	1450.1087119689992	1450.4301459149992	0	1450.5755669139999	1450.7626869409996	1450.4806352979995	[5]	1
v	66	1452.4929225469996	1452.780602895	1453.095979961	0	1453.2480185390004	1453.4285187179994	1453.1797754469999	[-5]	1
n	67	1455.1589663129998	1455.3963306059995	1455.7123634509999	0	1455.8639811880003	1456.0443670079994	1455.7956126049994	[5]	1
v	68	1457.7744099239999	1457.8457368809995	1458.1610575209997	0	1458.392039325	1458.4935822379994	1458.2615570989992	[-5]	1
n	69	1460.2250775959992	1460.2377486329997	1460.5437428179994	0	1460.7198228890002	1460.8761628339998	1460.7282285319998	[5]	1
v	70	1462.6069325839999	1462.6448975469993	1462.9596477619998	0	1463.1517729340003	1463.308734405	1463.0266665599993	[5]	0
n	71	1464.8390468499992	1464.9482819159994	1465.25881845	0	1465.399809937	1465.5913318939993	1465.3929847979998	[5]	1
n	72	1467.3220518769995	1467.3264642879994	1467.6413902909999	0	1467.8718294720002	1467.9906738589998	1467.8251683879998	[-5]	0
v	1	1474.0452702719995	1474.4612572369997	1474.7725334609995	0	1474.9279007120003	1475.105023575	1474.8729371519994	[-5]	1
n	2	1476.8356230769996	1477.1169149429998	1477.4383680739993	0	1477.607981086	1477.7708516939992	1477.4887812519992	[5]	1
v	3	1479.5014841419998	1479.797565244	1480.1041669819997	0	1480.296004459	1480.4533350399997	1480.2379254919997	[5]	0
n	4	1481.9834998339993	1482.0847041839997	1482.403412148	0	1482.624039495	1482.7526291469994	1482.4873299559995	[-5]	0
v	5	1484.2835366069994	1484.3806337769993	1484.686089625	0	1484.9040793559998	1485.0352448349995	1484.8698469809997	[5]	0
v	6	1486.565370323	1486.5740168009997	1486.8853516549998	0	1487.0561203120005	1487.2178856699993	1486.935867837	[-5]	1
v	7	1488.9483052639998	1489.0767848859996	1489.3845887119996	0	1489.5281367420002	1489.7171371589993	1489.551326801	[-5]	1
v	8	1491.4478574189998	1491.4773720829999	1491.7838257269996	0	1491.9122307380003	1492.116355653	1491.9505300889996	[-5]	1
n	9	1493.847284384	1493.933549464	1494.2497553559997	0	1494.384579132	1494.5822489289994	1494.3168720839994	[5]	1
n	10	1496.3122112329993	1496.5169343689995	1496.8321990279992	0	1496.936304238	1497.181422787	1496.9159981129997	[-5]	0
v	11	1498.7115460689993	1498.9663214009997	1499.2814786909994	0	1499.472278653	1499.6139983619996	1499.4319182749996	[-5]	1
n	12	1501.3442276429996	1501.4850290279992	1501.7973965519996	0	1502.1043364160005	1502.1465189189994	1501.8978245139997	[-5]	0
n	13	1503.676336865	1503.8381187759996	1504.1465841929994	0	1504.3929504369999	1504.479116093	1504.2470518069995	[5]	1
n	14	1506.209743128	1506.4931249899992	1506.8124753269994	0	1506.9608144109998	1507.1616070739992	1506.9958513029997	[-5]	0
v	15	1508.6911177069996	1508.9577898859998	1509.2782730659992	0	1509.3767149410005	1509.6275152689996	1509.4117309269996	[5]	0
n	16	1511.1574296399995	1511.4371217109992	1511.7442178459996	0	1511.8325209579998	1512.0767819109997	1511.8112994119992	[5]	1
n	17	1513.807391638	1513.9816406399996	1514.2934143229995	0	1514.4805849780005	1514.6426112209992	1514.3772334819996	[-5]	0
v	18	1516.1727059759996	1516.4627681289994	1516.77597891	0	1517.1444016240002	1517.1256754709993	1516.8263786839998	[-5]	0
n	19	1518.6552795589996	1518.8147065759995	1519.1252603989997	0	1519.304628039	1519.4743776599998	1519.1924011049996	[-5]	0
v	20	1521.0046208559997	1521.2775631509994	1521.5910729369998	0	1521.760631776	1521.9236421709993	1521.6415814819993	[-5]	1
n	21	1523.6541914339996	1523.7173192049995	1524.0237061589996	0	1524.2326528370004	1524.356153715	1524.107423247	[5]	1
v	22	1526.0870422479993	1526.3494394719992	1526.6561415659999	0	1526.848682983	1527.0053827559996	1526.7566556399997	[5]	0
n	23	1528.5350252519993	1528.8694527149992	1529.1887916609994	0	1529.400822044	1529.5212191869996	1529.239211354	[5]	1
n	24	1531.2517048129994	1531.549720217	1531.8712672049996	0	1532.0327348219998	1532.2037587219993	1532.021623445	[5]	1
v	25	1533.935576033	1534.2376957419992	1534.5536734549996	0	1534.7287883690005	1534.8862731159998	1534.7382587379998	[-5]	1
v	26	1536.6169302389999	1536.6695794959996	1536.9862416869992	0	1537.1288182440003	1537.3354439919995	1537.1696726659993	[5]	0
n	27	1538.865534689	1539.0136061879994	1539.3355067939992	0	1539.424850454	1539.684691345	1539.4028242729992	[-5]	0
v	28	1541.214721673	1541.3660943599998	1541.6848866999999	0	1541.8088853930003	1542.03397709	1541.7353756419998	[5]	0
n	29	1543.5640308729999	1543.686052813	1544.0007067449997	0	1544.1209107490004	1544.3499012799994	1544.1674586079998	[-5]	0
v	30	1545.8799796079993	1545.9746668169992	1546.2833232529993	0	1546.3691756830003	1546.6158541309997	1546.350508437	[-5]	1
n	31	1548.3460054459993	1548.4701621609993	1548.7825349299992	0	1548.9449811499999	1549.131731593	1548.9163029129995	[-5]	0
v	32	1550.6617735559994	1550.741744762	1551.04852674	0	1551.23300328	1551.3976788979999	1551.1323013349993	[5]	0
n	33	1552.9279701319992	1552.982788839	1553.2978355339992	0	1553.5051174400005	1553.6303556829998	1553.4649174339993	[5]	1
v	34	1555.3601690189998	1555.4296903349996	1555.7469929179997	0	1555.9210943770004	1556.0795763659999	1555.847470885	[-5]	1
v	35	1557.81023956	1558.1338537349993	1558.4462128489995	0	1558.5771087170006	1558.7953631479995	1558.5962990259995	[5]	0
n	36	1560.3251920069997	1560.5268059179998	1560.8454549789994	0	1561.0251612010006	1561.1946101129997	1560.9958312189992	[-5]	0
v	37	1562.7258845529996	1562.965986227	1563.2779835559995	0	1563.4571968790005	1563.610515683	1563.4625815849995	[-5]	1
v	38	1565.3407836529996	1565.5592903919996	1565.8772036129994	0	1566.0172266589998	1566.2263573639993	1565.9276745549996	[5]	0
n	39	1567.7562949539997	1568.022969136	1568.3431632879992	0	1568.537269931	1568.692243423	1568.5268129629994	[-5]	0
v	40	1570.2223661599992	1570.4619831979999	1570.7756180609995	0	1570.993281987	1571.124805003	1570.8928300109992	[5]	0
n	41	1572.655425561	1572.934742683	1573.2415425669997	0	1573.3936963209999	1573.574053503	1573.4095157359998	[5]	1
n	42	1575.3046052219997	1575.5340149759995	1575.840713183	0	1576.0098659140003	1576.1898883269996	1575.9578786889997	[-5]	0
v	43	1577.7199146929997	1577.8062762949994	1578.1232961829992	0	1578.329473115	1578.4724996879995	1578.2903895699992	[5]	0
n	44	1580.00235222	1580.1581834029994	1580.4725790759994	0	1580.5614391200006	1580.8217877899997	1580.6226748669997	[-5]	0
v	45	1582.3517371879998	1582.4302066159999	1582.7384852719997	0	1582.9294745180005	1583.0710883859992	1582.8723724709998	[-5]	1
v	46	1584.8020541959995	1584.838159594	1585.1544091159994	0	1585.2974959620005	1585.4870138999995	1585.3211826219995	[-5]	1
n	47	1587.2170651829992	1587.5823738119998	1587.903573566	0	1588.0895628600001	1588.2360983129993	1588.0873823729999	[5]	1
v	48	1589.9666409949996	1590.1183548259996	1590.4360814229995	0	1590.5378906180003	1590.785273822	1590.5861657529995	[5]	0
n	49	1592.3152114749992	1592.5023071099995	1592.8187542569995	0	1592.9211914070002	1593.1512092679995	1592.9854573369994	[5]	1
v	50	1594.8816624299998	1595.0874226399992	1595.4011932139992	0	1595.6256685570006	1595.7337201139999	1595.5183138819993	[-5]	1
n	51	1597.464192644	1597.590339683	1597.900431227	0	1598.0737273260002	1598.2329910239996	1598.001175554	[5]	1
v	52	1599.9634629799993	1600.1756947309996	1600.4829312169995	0	1600.6017478499998	1600.8321298249994	1600.6000469299997	[5]	0
n	53	1602.3621044169995	1602.727523906	1603.0488060899997	0	1603.1857738090002	1603.3813211439992	1603.1325998129996	[5]	1
v	54	1605.1120474989993	1605.462763738	1605.7812615889998	0	1605.905780483	1606.1137992499998	1605.91582294	[-5]	1
n	55	1607.8443456669993	1608.0396844059997	1608.3471233419996	0	1608.4818638349998	1608.6796555479996	1608.5305545599995	[5]	1
v	56	1610.4096591349999	1610.703670455	1611.0130040969998	0	1611.162049572	1611.345486139	1611.1644720779996	[-5]	1
n	57	1613.0761510769998	1613.3430127309994	1613.6621217439997	0	1613.8898876849998	1613.9946504299996	1613.795883547	[5]	1
v	58	1615.7259152709994	1615.8961064169998	1616.211325237	0	1616.3540260159998	1616.560698286	1616.2784958089997	[5]	0
n	59	1618.090615059	1618.2001207679996	1618.5106196039997	0	1618.6740349000002	1618.859808141	1618.6277419199996	[-5]	0
v	60	1620.3899777699999	1620.4721750629997	1620.7932891259998	0	1621.0740850410002	1621.1257666399997	1620.9103909119995	[-5]	1
n	61	1622.856542382	1623.1357433249996	1623.4424070369996	0	1623.562093773	1623.7749504249996	1623.5429037879994	[5]	1
v	62	1625.5054460329993	1625.7829789819998	1626.0915666779993	0	1626.2821892130005	1626.4407737699994	1626.2087065809992	[5]	0
n	63	1627.9715697459997	1628.0638097339997	1628.3741793439995	0	1628.6264566420004	1628.7233672069997	1628.424675315	[-5]	0
v	64	1630.2532595149996	1630.5282373229993	1630.8400706439998	0	1630.962169169	1631.1892615749994	1630.9238795449992	[5]	0
n	65	1632.7208035219992	1632.7988902669995	1633.1060421299999	0	1633.2822869190004	1633.4385741019996	1633.2565063989996	[5]	1
n	66	1635.1691579919998	1635.2789877939995	1635.5886475859998	0	1635.8262195960006	1635.9377784089993	1635.6724188009994	[-5]	0
v	67	1637.4677949909992	1637.7516555059992	1638.0712654709996	0	1638.3067536280005	1638.4203357889992	1638.2050326219996	[5]	0
v	68	1639.9502497739995	1639.992496895	1640.3042106349994	0	1640.5463345819999	1640.6363113319994	1640.4375993639997	[-5]	1
n	69	1642.3667478279995	1642.6396361259995	1642.952956997	0	1643.1463831540004	1643.302146612	1643.0201350859998	[-5]	0
v	70	1644.8326448949992	1644.9273847509994	1645.2356583799992	0	1645.4665867029998	1645.5680925139995	1645.3362367339996	[-5]	1
n	71	1647.2983600039997	1647.4791433779992	1647.801420846	0	1647.9704537770003	1648.1340644729999	1647.9185601149993	[5]	1
v	72	1649.8653248309993	1649.9200539719996	1650.2339847879994	0	1650.3945228379998	1650.5832320709997	1650.3011555149997	[5]	0
n	1	1657.7365669089995	1658.1838970809995	1658.4980324649996	0	1658.6507461410001	1658.8472307059992	1658.615240362	[-5]	0
v	2	1660.377249053	1660.6566517519996	1660.9639303049998	0	1661.2985000879999	1661.314499919	1661.031125566	[5]	0
n	3	1662.8431783709993	1663.103643765	1663.4132254269998	0	1663.5627097719998	1663.7457345149996	1663.5136417159993	[5]	1
n	4	1665.4760985429994	1666.4645039839997	1666.7788226099992	0	1666.842801193	1667.1113384849996	1666.928896933	[5]	1
v	5	1668.8430632579993	1669.16044875	1669.4779696379992	0	1669.6027672310001	1669.810455627	1669.6613184999997	[-5]	1
n	6	1671.5411703619993	1671.8078122379993	1672.1271423199996	0	1672.186802651	1672.4762861619993	1672.2105315249992	[-5]	0
v	7	1674.006277122	1674.1366247339993	1674.4430200789993	0	1674.6508551160005	1674.7922289409998	1674.5268411369998	[5]	0
n	8	1676.3221849709998	1676.4715849289996	1676.7922802949997	0	1676.9468755090002	1677.1248960479998	1676.9094422539993	[5]	1
n	9	1678.8551776169998	1678.960204649	1679.2748783219995	0	1679.426911085	1679.6073918029997	1679.408642417	[5]	1
n	10	1681.3411601179996	1681.4001584979997	1681.7074362659996	0	1681.9309531460003	1682.0566649039993	1681.824556566	[-5]	0
v	11	1683.5866124069998	1683.7356465349994	1684.0567009319993	0	1684.2594102920002	1684.3892213119998	1684.2238058039993	[-5]	1
n	12	1686.119721565	1686.1764630059997	1686.4892772629992	0	1686.675028394	1686.8384729829995	1686.6230572239992	[-5]	0
v	13	1688.3686959649995	1688.4886777819993	1688.8052305769997	0	1688.963057	1689.1377482919997	1688.9056854769997	[-5]	1
n	14	1690.8682427449994	1690.8957160279997	1691.2045305089996	0	1691.4193822369998	1691.5536639909997	1691.254915468	[-5]	0
v	15	1693.0838926889992	1693.3044339189992	1693.6206315159998	0	1693.8671423229998	1693.9529012539997	1693.687491222	[-5]	1
n	16	1695.683567086	1695.7445178079997	1696.0529685689999	0	1696.507136784	1696.402832875	1696.1368440279994	[-5]	0
v	17	1697.9323038059993	1698.0732586699996	1698.3855442969998	0	1698.5712798550003	1698.7180927629997	1698.436034296	[-5]	1
n	18	1700.4488395969993	1700.784622223	1701.1013683129995	0	1701.2196087789998	1701.4338909749995	1701.2848231319995	[5]	1
v	19	1703.164833285	1703.2805541769994	1703.6005975199996	0	1703.7873270190003	1703.9333078279997	1703.7844173019994	[-5]	1
n	20	1705.6638122409995	1705.6805868769998	1705.999878826	0	1706.2753451120007	1706.3323671039998	1706.1336881529996	[5]	1
v	21	1708.0629647629994	1708.4725140199998	1708.7822767109992	0	1708.9233947080002	1709.131472948	1708.8827374619996	[5]	0
n	22	1710.661615	1711.425447953	1711.7314334989996	0	1711.8594074890007	1712.063882853	1711.8151513899993	[5]	1
v	23	1713.794468602	1714.3763450029992	1714.6971338169997	0	1714.8355330510003	1715.0464183289996	1714.8638418239998	[5]	0
n	24	1716.5766955699992	1716.9692261349992	1717.2796180269997	0	1717.419491439	1717.612148526	1717.4135243849996	[5]	1
v	25	1719.3427625589993	1719.720688972	1720.02875443	0	1720.2035356390006	1720.3613101169994	1720.2133810229998	[-5]	1
n	26	1722.0922790719997	1722.3692929049994	1722.6784629989997	0	1722.923516279	1723.0270804789998	1722.7284190299997	[-5]	0
v	27	1724.5571915349992	1724.6881122319992	1724.9938711689992	0	1725.1396069990005	1725.3263804979997	1725.0943827209994	[-5]	1
v	28	1727.0564335619993	1727.3124033709992	1727.626363802	0	1727.7556505540006	1727.9588681989999	1727.7931432619998	[-5]	1
n	29	1729.6894593819998	1730.0568154799994	1730.3754959609996	0	1730.6196288320007	1730.7080107599995	1730.5426200969996	[5]	1
v	30	1732.438716781	1732.7533365599993	1733.0747521429994	0	1733.2197399670004	1733.4071753889993	1733.17518424	[-5]	1
n	31	1735.1377691539992	1759.241557628	1759.549703007	0	1759.7081487659998	1759.8822190279998	1759.6668141139999	[5]	1
v	32	1761.612804632	1761.9049984209996	1762.2155890519998	0	1762.340191272	1762.5480412889992	1762.3656032609997	[-5]	1
n	33	1764.278333415	1764.3771755479993	1764.6980703949994	0	1764.8122504359999	1765.0306813829993	1764.7486030259997	[5]	1
v	34	1766.7615997309995	1766.8897438699996	1767.1972757459998	0	1767.3966114800005	1767.529864921	1767.33115594	[-5]	1
n	35	1769.2603355049996	1769.5609228579997	1769.8797989779996	0	1769.9723062889998	1770.2123004669993	1769.963613891	[5]	1
v	36	1771.9430694919993	1772.2413525379998	1772.5628339679997	0	1772.6924135119998	1772.894794852	1772.6461333589996	[-5]	1
n	37	1774.6251917309992	1774.905061685	1775.2114417519997	0	1775.3884044220003	1775.5606288769995	1775.279066475	[-5]	0
v	38	1777.090589474	1777.369829018	1777.67731035	0	1777.892774762	1778.0265228509998	1777.794780227	[5]	0
n	39	1779.5567187409997	1779.6345366609994	1779.9433003919994	0	1780.1884565660002	1780.2758027629998	1780.127076195	[5]	1
v	40	1782.0065983759996	1782.1452844199994	1782.4591343599996	0	1782.5725950750002	1782.8083746619996	1782.509630472	[5]	0
n	41	1784.3384660449992	1784.5934031649995	1784.9084211339996	0	1785.0846556880006	1785.257591566	1784.9755272309994	[-5]	0
v	42	1786.7876623989996	1786.9137727459993	1787.2243314339994	0	1787.4206876110002	1787.5735231949993	1787.3249099639997	[5]	0
n	43	1789.1034796499998	1789.2174401529992	1789.523597726	0	1789.8287709610004	1789.872855963	1789.6741302009996	[-5]	0
v	44	1791.4026150139998	1791.4343283219996	1791.75622114	0	1791.9409948460006	1792.1054407169995	1791.8067031969995	[5]	0
n	45	1793.6356984689992	1793.8902918459999	1794.2054892689994	0	1794.4127543290006	1794.554677829	1794.3893461049993	[-5]	0
v	46	1796.0848630459996	1796.3374011859996	1796.654743694	0	1796.8448320400003	1796.9872629069996	1796.8051916409995	[-5]	1
n	47	1798.7183320119993	1798.8024796689997	1799.1206884609992	0	1799.348817442	1799.4531707549995	1799.2543949969995	[5]	1
v	48	1801.1838700959997	1801.2743546769998	1801.5865035749994	0	1801.7408772640001	1801.935922406	1801.6869935729992	[5]	0
n	49	1803.465657361	1803.4825646789996	1803.8024623949996	0	1803.9728900380005	1804.1517127809993	1803.9696146449996	[-5]	0
v	50	1805.682098632	1805.6906599049998	1806.0017881469994	0	1806.221111455	1806.3510773599992	1806.0690229209995	[5]	0
n	51	1807.8810135289996	1808.065974223	1808.3845224299994	0	1808.588999044	1808.7335747859997	1808.468137244	[-5]	0
v	52	1810.2635828409993	1810.3622563879999	1810.6836466279992	0	1810.9492493360003	1811.0328429209994	1810.850946566	[5]	0
v	53	1812.5629537579998	1812.8588491629998	1813.16620797	0	1813.3410661180005	1813.5154475669997	1813.316882227	[5]	0
n	54	1815.0454400149993	1815.1860620129992	1815.4988740209992	0	1815.6691423130005	1815.8480159699993	1815.6659802179993	[-5]	0
n	55	1817.3780281709996	1817.5063759169998	1817.8147609259995	0	1818.037109336	1818.1639307919995	1817.9321180929992	[-5]	0
v	56	1819.6944152199994	1819.8516267529994	1820.1640200719994	0	1820.3251909970004	1820.513207297	1820.2311509599995	[5]	0
v	57	1822.0432990789996	1822.1298629129997	1822.4466818419996	0	1822.589216595	1822.7958266789992	1822.597942327	[5]	0
n	58	1824.3256390439992	1824.5312854479998	1824.8458710289997	0	1824.9733318650005	1825.1784664499992	1825.0126596139999	[5]	1
n	59	1826.909159719	1826.9303686659996	1827.2451508279992	0	1827.4212597220003	1827.5776679649998	1827.312286759	[5]	1
n	60	1829.3081461019992	1829.5540947169993	1829.861018521	0	1830.0212528780003	1830.1935040219996	1829.9116176319994	[5]	1
n	61	1831.9239806379992	1832.1548617619992	1832.4601634789997	0	1832.613311188	1832.7927182469994	1832.610615521	[5]	1
n	62	1834.5233438619998	1834.6976988099996	1835.009383345	0	1835.2053306670005	1835.3585855329993	1835.1098733089993	[-5]	0
v	63	1836.8886764519993	1836.9860980079993	1837.2920031489994	0	1837.4854543239999	1837.6245951269993	1837.4429401709995	[-5]	1
v	64	1839.3552601369993	1839.5150007919992	1839.8245559719999	0	1840.0295245900006	1840.157061725	1839.8750277889994	[-5]	1
v	65	1841.8876485389992	1841.9865551159992	1842.3070627529996	0	1842.4855675489998	1842.6562781459997	1842.4917046759992	[5]	0
n	66	1844.1864415569999	1844.3630012889998	1844.6730009999992	0	1844.893410562	1845.0055278609998	1844.7910678359995	[5]	1
v	67	1846.736030485	1846.9878472949995	1847.305610161	0	1847.453787081	1847.6380574639998	1847.4226853399996	[-5]	1
n	68	1849.3688719129996	1849.6835443379996	1850.0046513059997	0	1850.1496572140004	1850.3372159589999	1850.0884900109995	[5]	1
v	69	1852.067437885	1852.1623656759994	1852.4705575539992	0	1852.6457295400005	1852.803094379	1852.6043832229998	[-5]	1
n	70	1854.5340181229994	1854.6748492419993	1854.9864342789997	0	1855.1497344950003	1855.335641146	1855.0536528009998	[-5]	0
v	71	1856.8656399209995	1857.0903948659998	1857.4023618279998	0	1857.741815708	1857.7529465239995	1857.5861426759993	[5]	0
n	72	1859.281963943	1859.3555671909999	1859.6683015029994	0	1859.829794667	1860.0174966489994	1859.8021103619994	[-5]	0
v	1	1890.4277739469999	1891.0272945349998	1891.3417336539997	0	1891.4946359040005	1891.6909207879999	1891.4924049969995	[5]	0
n	2	1893.2210908419993	1893.3637725649996	1893.6743348649998	0	1893.8861652510004	1894.0235337609993	1893.7747659409997	[-5]	0
v	3	1895.5533374099996	1896.0446545079994	1896.3570200799995	0	1896.5424943010003	1896.7060405369994	1896.5073135879993	[5]	0
n	4	1898.2359492229998	1898.4989894659993	1898.8061139109996	0	1899.1263028290005	1899.1552474139999	1898.9736368879994	[-5]	0
v	5	1900.685399127	1900.771659129	1901.0887502099995	0	1901.246404218	1901.4212404969994	1901.1391386229998	[-5]	1
n	6	1903.1515023089996	1903.3070531409994	1903.6212507379996	0	1903.7985168129999	1903.9537667119994	1903.805876345	[5]	1
v	7	1905.6841122189999	1905.9952541229995	1906.3037385979997	0	1906.4304524899999	1906.6529262659997	1906.4041992759994	[5]	0
n	8	1908.1834092009994	1908.4751695179993	1908.7862962059999	0	1908.95852655	1909.1355401389992	1908.9708804579996	[-5]	0
v	9	1910.6654143609994	1910.7392513209998	1911.0523555279997	0	1911.2065673420002	1911.384778222	1911.2202249969996	[-5]	1
n	10	1913.1156348779996	1913.476629586	1913.7847395209992	0	1914.0785874660005	1914.1339099829993	1913.8852417519993	[-5]	0
v	11	1915.663922023	1915.756460003	1916.0675611339993	0	1916.1667698370002	1916.4165273209992	1916.1841322709997	[5]	0
n	12	1917.9467730299993	1918.0515480119993	1918.3666048019995	0	1918.4226232030005	1918.715819819	1918.417110505	[-5]	0
v	13	1920.2459213449993	1920.2673817799996	1920.582645163	0	1920.7346947140004	1920.931772643	1920.6497115079992	[5]	0
n	14	1922.4617672219993	1922.508145547	1922.8152816659995	0	1922.9427333190006	1923.1644167429995	1922.9653055079998	[-5]	0
v	15	1924.6944482649997	1925.0435756179995	1925.3645657809993	0	1925.550809923	1925.6970148219998	1925.5315974669993	[-5]	1
n	16	1927.4274297929996	1927.7085347679995	1928.0302726009995	0	1928.18290169	1928.362808422	1928.0808328429994	[5]	1
v	17	1930.0930647319992	1930.716105808	1931.029316393	0	1931.174843017	1931.3785323899992	1931.180642151	[5]	0
n	18	1932.909064724	1932.9721678769993	1933.2787475219993	0	1933.382875546	1933.6111545909998	1933.3291164799994	[5]	1
v	19	1935.3417261959994	1935.6125454659996	1935.9277965649999	0	1936.0869551960004	1936.2769840809997	1936.1112128919995	[5]	0
n	20	1937.8072287369996	1937.9313242509998	1938.2437235239995	0	1938.4149806860005	1938.5929398589997	1938.3275893849996	[-5]	0
v	21	1940.1232179769995	1940.1885018799994	1940.5096894179997	0	1940.7510183660006	1940.8422355679995	1940.6268946179998	[-5]	1
n	22	1942.5726473529994	1942.6757017579994	1942.9922511219993	0	1943.1510299640004	1943.341492521	1943.0761129009998	[-5]	0
v	23	1944.8715560439996	1944.940880063	1945.2582470769994	0	1945.399092232	1945.6074097849996	1945.4095002229997	[5]	0
v	24	1947.1377099909996	1947.2595905019998	1947.5741542739997	0	1947.639379106	1947.9233270039995	1947.6421205869992	[5]	0
n	25	1949.4534529389994	1949.627790607	1949.9400706569995	0	1950.047234269	1950.2892534529992	1950.0580245069996	[-5]	0
v	26	1951.8194655349998	1951.859973306	1952.1726944329994	0	1952.3592329080002	1952.5218938479993	1952.2731556849994	[5]	0
n	27	1954.0519306249998	1954.1240098729995	1954.4386455389995	0	1954.6152175730003	1954.7711767739993	1954.5058912929999	[5]	1
n	28	1956.5014768659994	1956.6134294639996	1956.9212728759994	0	1957.0555793880003	1957.2538138419995	1957.0383503429994	[5]	1
v	29	1958.9842570049996	1959.2283049419993	1959.5371158219996	0	1959.6793285430003	1959.869588865	1959.6042417559993	[-5]	1
n	30	1961.5997455959996	1961.8454149519994	1962.1530374699996	0	1962.3833267159998	1962.4854265099993	1962.3200199579996	[5]	1
v	31	1964.2156812209996	1964.3250734489993	1964.6354665669996	0	1964.7676581080004	1964.9846538479997	1964.7701520769997	[5]	0
v	32	1966.5146047169992	1966.5723295439993	1966.8848768789994	0	1967.0874777360004	1967.217306642	1966.9853109629994	[-5]	1
n	33	1968.9476042259994	1969.0444397699994	1969.3507250469993	0	1969.487476374	1969.6998857299996	1969.534092887	[-5]	0
v	34	1971.2298385149998	1971.501278318	1971.816572228	0	1972.0075239480002	1972.1657351439999	1971.9009505679996	[5]	0
n	35	1973.6957568369999	1973.7723271959994	1974.08262002	0	1974.207611027	1974.4317097029998	1974.2659424929998	[-5]	0
v	36	1975.9618647389998	1976.1323476199996	1976.448456348	0	1976.551567433	1976.7809695839996	1976.5663533379993	[-5]	1
n	37	1978.51135539	1978.7087588499999	1979.014278449	0	1979.1516962310006	1979.3468772859997	1979.1810535199993	[5]	1
v	38	1981.0774414299995	1981.3083448109992	1981.6301400229995	0	1981.7997309490001	1981.9793497869996	1981.6806423439994	[5]	0
n	39	1983.5100477189999	1983.8044405399996	1984.1127262459995	0	1984.2637013100002	1984.4452447659996	1984.1798924659997	[5]	1
v	40	1986.1757352669993	1986.428543211	1986.745207426	0	1986.8879683880004	1987.0777340659997	1986.896511117	[-5]	1
n	41	1988.8080990879998	1988.85260303	1989.1611584809998	0	1989.3038274460005	1989.5103692579996	1989.2116735589998	[-5]	0
v	42	1991.0403781769992	1991.0847219099996	1991.3937558889993	0	1991.5118536340005	1991.7429484499999	1991.4942114299993	[5]	0
n	43	1993.2730223549997	1993.3325719229997	1993.6431014729997	0	1993.8318235160004	1993.9755865649995	1993.8268238749997	[5]	1
v	44	1995.706054319	1995.7965160449994	1996.10902781	0	1996.2559077820006	1996.4414823319994	1996.1761587459996	[-5]	1
n	45	1998.1721900079992	1998.357123191	1998.6748515239997	0	1998.7679598160003	1999.0240123589992	1998.7586879659993	[-5]	0
v	46	2000.553971456	2000.6928485169992	2001.0074222779995	0	2001.1680005580001	2001.356628435	2001.1082650619992	[5]	0
n	47	2002.886735958	2003.044660515	2003.3566971649998	0	2003.6561083350007	2003.6892703719996	2003.523749428	[5]	1
v	48	2005.4200134449993	2005.6447317729999	2005.9558773249992	0	2006.0640787030006	2006.2884259089997	2006.089305769	[-5]	1
n	49	2008.0187585959993	2008.293761559	2008.6050676299992	0	2008.6961378490005	2008.9375701069994	2008.7885015869997	[5]	1
v	50	2010.6677719379995	2010.7168906239995	2011.0376644789994	0	2011.1363807110001	2011.3701614049996	2011.1710709579993	[-5]	1
n	51	2013.1005476969995	2013.3417766979992	2013.6535404309998	0	2013.8321804440002	2013.9860203899998	2013.703966356	[5]	1
v	52	2015.7164428699998	2016.094118983	2016.40258696	0	2016.480246831	2016.735142863	2016.4698520449992	[-5]	1
n	53	2018.4658114979993	2018.4933197299997	2018.8018884479998	0	2018.9203013390006	2019.1343658019996	2018.9189891489996	[5]	1
v	54	2020.8648632799996	2021.0936886729996	2021.4010767689997	0	2021.488350955	2021.7336967699994	2021.5178189829994	[-5]	1
n	55	2023.4640758689993	2023.4770881499999	2023.7836559889993	0	2023.8963839770004	2024.1161346749996	2023.9021150669996	[5]	1
v	56	2025.8462807119995	2025.9331006339999	2026.2495304819995	0	2026.4084559520006	2026.5987308039994	2026.383325932	[5]	0
n	57	2028.1288661519993	2028.3810744509992	2028.6987563859993	0	2028.7924566270003	2029.0479680969993	2028.7825819399995	[-5]	0
v	58	2030.5779939039994	2030.7651527889993	2031.0813558	0	2031.256502921	2031.4138740849994	2031.1318185139999	[-5]	1
n	59	2033.1446005959997	2033.3418576289996	2033.6639334899992	0	2033.696668556	2034.0130710569993	2033.813933681	[-5]	0
v	60	2035.5431250739994	2035.7573952969997	2036.0631316469999	0	2036.168635997	2036.3956708809992	2036.1636078699994	[-5]	1
n	61	2038.1261468809998	2038.1892648599996	2038.49580745	0	2038.6405944220005	2038.8448974499997	2038.629523482	[-5]	0
v	62	2040.3749433719995	2040.4780602399996	2040.7949765219992	0	2041.0886121840003	2041.1441781449994	2040.9288329619994	[5]	0
n	63	2042.6742270039995	2042.9177341609993	2043.227609908	0	2043.3286948559999	2043.5600843899992	2043.3609948629992	[5]	1
v	64	2045.2906039319996	2045.5973805089998	2045.9100419279994	0	2046.0967343270004	2046.2428153379997	2046.0605268869995	[-5]	1
n	65	2047.972642322	2048.1014724079996	2048.4092540409993	0	2048.568837631	2048.741885357	2048.4930686019998	[5]	1
v	66	2050.4723255499994	2050.7264466529996	2051.041780183	0	2051.2410097800002	2051.3743071989993	2051.226102441	[-5]	1
n	67	2053.1047946029994	2053.310890805	2053.624345955999	0	2053.80920425	2053.9735056649997	2053.6914633829992	[-5]	0
n	68	2055.504277145	2055.6617446699993	2055.973600511	0	2056.216939154	2056.3061378389993	2056.140700303	[5]	1
v	69	2058.036189898	2058.1736339209992	2058.489469995	0	2058.7212104750006	2058.8220154599994	2058.6565903789997	[-5]	1
n	70	2060.5522999689993	2060.6303081729993	2060.938727115	0	2061.1371493570005	2061.2712653419994	2061.0225666939996	[5]	1
v	71	2063.002281053	2063.109619375	2063.4212748719992	0	2063.6249190810004	2063.770535402	2063.5050900709994	[5]	0
n	72	2065.300564055	2065.502233220999	2065.820525968	0	2066.080989037	2066.1697130469993	2065.9543349489995	[-5]	0
n	1	2072.943114529	2073.35019121	2073.6681250399997	0	2073.7612803990005	2074.000628844	2073.818167912	[5]	1
v	2	2075.730936735	2075.8716047829994	2076.1839295669997	0	2076.305314489	2076.5165060829995	2076.3011039949997	[-5]	1
n	3	2078.247299887	2078.5420764359997	2078.8497598719996	0	2078.993349822	2079.1822934189995	2079.0332451189997	[5]	1
v	4	2080.913062048	2081.167106299	2081.482265453	0	2081.585375511	2081.8147986229997	2081.5494923369997	[-5]	1
n	5	2083.545965517	2083.718345038	2084.031465217	0	2084.129678108	2084.380672400999	2084.198234642	[-5]	0
v	6	2085.9106789279995	2085.926063027	2086.247541653999	0	2086.3935465370005	2086.5800339499992	2086.398718269	[-5]	1
n	7	2088.3103118029994	2088.462174941	2088.7799875129995	0	2088.8895533590003	2089.112522091	2088.9634162969996	[5]	1
v	8	2090.84267904	2091.063302707	2091.3791495589994	0	2091.489558778	2091.7117554669994	2091.4630550539996	[-5]	1
n	9	2093.4417254829996	2093.5262995269995	2093.845198774	0	2093.913912082	2094.194263249	2093.961852423	[-5]	0
v	10	2095.724387851	2095.8065973529992	2096.1277147009996	0	2096.249608344	2096.460223434	2096.1781793849996	[-5]	1
n	11	2098.190634125999	2098.3754767829996	2098.6935806209995	0	2098.8016680700002	2099.04273809	2098.7940288499994	[-5]	0
v	12	2100.5728915209993	2100.6718371339994	2100.99284635	0	2101.145729314	2101.3420500009997	2101.0767716659993	[5]	0
n	13	2102.8722361909995	2103.0949571909996	2103.4087537019996	0	2103.5377299290003	2103.757931761	2103.5258965489993	[-5]	0
v	14	2105.288150146999	2105.3264125019996	2105.641375831	0	2105.793837192	2105.9906020989993	2105.7751771619996	[5]	0
n	15	2107.5209461039994	2107.7037761859992	2108.0240142349994	0	2108.1698814210004	2108.3731537999993	2108.157729166999	[-5]	0
v	16	2109.903483839	2110.0465132669997	2110.3565777129998	0	2110.5458064290005	2110.689123006	2110.4404689369994	[-5]	1
v	17	2112.4196001929995	2112.5668719629994	2112.8891146879996	0	2113.00987841	2113.2383672769993	2112.97294608	[5]	0
n	18	2114.7682385569997	2115.0796025649997	2115.388351209999	0	2115.5058611270006	2115.73751886	2115.5717209059994	[-5]	0
n	19	2117.267728141999	2117.4866079489993	2117.8042455329996	0	2117.9701418620007	2118.153442926	2117.9546783389997	[-5]	0
v	20	2119.6834828929996	2119.8475844139994	2120.153507534	0	2120.3062335880004	2120.48610854	2120.2706631339997	[-5]	1
n	21	2122.216850105	2122.607263508	2122.9194679599996	0	2123.0182654890004	2123.268501568	2123.0693968749993	[-5]	0
v	22	2124.7987316849994	2124.91873701	2125.235260054	0	2125.346117438	2125.5844576629997	2125.2857686139996	[5]	0
n	23	2127.1150330559994	2127.4154245399995	2127.734479635	0	2127.858155236	2128.0670082239994	2127.801618873	[5]	1
v	24	2129.798432770999	2129.96684878	2130.2836822909994	0	2130.3862425300003	2130.6328861089996	2130.4670561879993	[5]	0
n	25	2132.1632107959995	2132.1908502999995	2132.4996509719995	0	2132.6183785110006	2132.8489058719997	2132.683095984	[-5]	0
v	26	2134.3787388579995	2134.6875370509997	2134.9989027399997	0	2135.098471454	2135.3480832239993	2135.132373994	[5]	0
n	27	2136.8782653279995	2136.975190104	2137.2815830279997	0	2137.3464665830006	2137.6306945529996	2137.3319800339996	[-5]	0
v	28	2139.1610516929995	2139.455107842	2139.764032923	0	2139.8743648580003	2140.1132502339997	2139.930847605	[5]	0
n	29	2141.6434396609993	2141.999110197	2142.3133157879993	0	2142.474421537	2142.6457793889995	2142.463707731	[5]	1
n	30	2144.3765769289994	2144.479667312	2144.7957980499996	0	2145.082248019	2145.128401970999	2144.8963053829993	[5]	1
v	31	2146.8587198569994	2146.9281766819995	2147.2451259789996	0	2147.3624118770003	2147.5942511089997	2147.3951606559995	[5]	0
n	32	2149.1243066649995	2149.151842611999	2149.461062978	0	2149.5624543740005	2149.7935575619995	2149.578957119	[5]	1
n	33	2151.523860316999	2151.5514071589996	2151.860290351	0	2152.0586319900003	2152.192825128999	2151.977468835	[5]	1
v	34	2153.9229387269997	2154.127156723999	2154.442823677	0	2154.5625045790002	2154.792025445	2154.609589129999	[5]	0
v	35	2156.322649576	2156.511704664	2156.825415241	0	2157.0111550130005	2157.157940917	2156.9259593019997	[-5]	1
n	36	2158.888647438999	2159.18331588	2159.491230009	0	2159.6108507710005	2159.8404434449994	2159.5418152869997	[-5]	0
v	37	2161.3708123799997	2161.400493438	2161.707212656999	0	2161.778672208	2162.0397589899994	2161.8573460489997	[-5]	1
n	38	2163.7710717719992	2163.832294152	2164.13983724	0	2164.258979931	2164.4889837	2164.2403591849998	[-5]	0
n	39	2166.019733816999	2166.663900375999	2166.9722720989994	0	2167.0666941050004	2167.3047730969993	2167.0227080639997	[5]	1
v	40	2169.0354628059995	2169.319487418	2169.638070571	0	2169.762772229	2169.9706012999995	2169.8048720439992	[-5]	1
n	41	2171.7009821559996	2172.07295636	2172.3872049009997	0	2172.4988297480004	2172.7197358569993	2172.5206604199993	[5]	1
v	42	2174.4507423939995	2174.6315772899998	2174.9531044739997	0	2175.1228906670003	2175.2855941709995	2175.086886266	[-5]	1
n	43	2177.0167917569997	2177.1916177149997	2177.5022677789993	0	2177.7468592740006	2177.8348178919996	2177.5860602149996	[5]	1
v	44	2179.565155577	2179.88847233	2180.2014276109994	0	2180.3229608460006	2180.534079118999	2180.384882406999	[-5]	1
n	45	2182.2642134399994	2182.576924972999	2182.8839096969996	0	2182.9790037090006	2183.233108212	2182.9677752769994	[-5]	0
v	46	2184.763331864	2184.824469163	2185.1332141919993	0	2185.2750359810007	2185.482388294	2185.1836800379997	[5]	0
n	47	2187.012726762	2187.151453599	2187.4658698129997	0	2187.5631349160003	2187.815005214	2187.6326239679993	[-5]	0
v	48	2189.345319741	2189.599822304999	2189.9150699679994	0	2190.019114605	2190.264247999	2189.9657518599997	[5]	0
n	49	2191.7942360899997	2192.0568355699997	2192.3642877869997	0	2192.7473357730005	2192.714095228999	2192.414824662	[-5]	0
v	50	2194.243519791	2194.5042074949997	2194.8135446859997	0	2194.9072016540003	2195.1460829519992	2194.88067744	[-5]	1
n	51	2196.876946431	2197.137212189	2197.446085521	0	2197.547232768	2197.7785684379996	2197.6128420609994	[5]	1
v	52	2199.509379153	2199.7760648059993	2200.0952202009994	0	2200.203286674	2200.444412193	2200.228682813	[5]	0
n	53	2201.9745125439995	2202.127948468	2202.4444972339998	0	2202.595302273	2202.7936779229994	2202.6279083379995	[-5]	0
v	54	2204.323884007	2204.5928517229995	2204.9103779279994	0	2204.971351749	2205.259566418	2204.978828325	[5]	0
v	55	2206.7919693349995	2206.9042880009993	2207.209675628	0	2207.347416847	2207.542171743	2207.276825948	[-5]	1
n	56	2209.2721573609997	2210.241204651	2210.5586123499997	0	2210.707608146	2210.9078065969998	2210.642414039	[-5]	0
v	57	2212.4381215149997	2212.7531146889996	2213.074493389	0	2213.1554823690003	2213.423691602	2213.2250152629995	[5]	0
n	58	2214.9535244709996	2215.0251122869995	2215.340530075	0	2215.4759180870005	2215.6729770809998	2215.4409924049996	[5]	1
v	59	2217.4046252359994	2217.7683663459993	2218.089608278	0	2218.227590794	2218.438793153	2218.1573498419993	[5]	0
v	60	2219.969290696	2220.04080824	2220.3555392939998	0	2220.4676114170006	2220.7047497269996	2220.522335991999	[5]	0
n	61	2222.2350556779993	2222.4008126299996	2222.7215170299996	0	2222.795590054	2223.054028924	2222.838269078	[5]	1
n	62	2224.784708784	2225.0644983779994	2225.3706483689994	0	2225.4917306810003	2225.719859166	2225.5054083999994	[-5]	0
v	63	2227.2498187479996	2227.5375793979993	2227.853222350999	0	2228.0117522360006	2228.2024189679996	2227.9204406929994	[5]	0
n	64	2229.732456836	2229.760539371	2230.0692432389997	0	2230.331808531	2230.401729141	2230.2530164269992	[5]	1
v	65	2232.132346105999	2232.313060025999	2232.635032489	0	2232.9797524780006	2232.985723897	2232.735542394	[5]	0
n	66	2234.5144167589997	2234.6175048919995	2234.9343273859995	0	2235.38787815	2235.2840827419996	2235.018151480999	[5]	0
n	67	2236.813563668	2236.9207441099998	2237.233637243	0	2237.363903738	2237.582855787	2237.3684439689996	[-5]	0
v	68	2239.1133316819996	2239.344587697	2239.6661846239995	0	2239.8119488990005	2239.9987372839996	2239.7666922669996	[-5]	1
n	69	2241.7292204699997	2241.8008464659997	2242.1154218069996	0	2242.252020868	2242.464630687	2242.2821898109996	[-5]	0
v	70	2243.9945959279994	2244.072907582	2244.3813787199997	0	2244.4680337090003	2244.7305957219996	2244.482676473999	[5]	0
n	71	2246.2612138059994	2246.481580457	2246.797296146	0	2246.9880755170007	2247.1464972699996	2246.864455463	[-5]	0
n	72	2248.6765542109997	2248.7460565869997	2249.063414048999	0	2249.3001054630004	2249.3957722369996	2249.1804038869996	[5]	1
