trial	speed	player_pos	ball_pos	distance	broad	jitter	change_loc	shift_pos	trial_nr	block
35	0.5	5	1	9	5	0.3	-5.0	5	1	0
33	0.5	5	1	9	5	0.6	-6.0	5	2	0
66	0.5	5	1	9	5	0.44999999999999996	-7.5	5	3	0
57	0.5	5	1	9	5	0.44999999999999996	-7.5	-5	4	0
62	0.5	5	1	9	5	0.44999999999999996	-5.0	-5	5	0
38	0.5	5	1	9	5	0.44999999999999996	-8.0	-5	6	0
9	0.5	5	1	9	5	0.75	-4.5	-5	7	0
15	0.5	5	1	9	5	0.44999999999999996	-6.0	5	8	0
37	0.5	5	1	9	5	0.3	-8.5	-5	9	0
12	0.5	5	1	9	5	0.75	-7.5	5	10	0
8	0.5	5	1	9	5	0.3	-5.0	-5	11	0
71	0.5	5	1	9	5	0.44999999999999996	-5.0	5	12	0
72	0.5	5	1	9	5	0.75	-4.5	5	13	0
59	0.5	5	1	9	5	0.3	-6.5	-5	14	0
60	0.5	5	1	9	5	0.44999999999999996	-6.0	-5	15	0
43	0.5	5	1	9	5	0.6	-5.5	-5	16	0
14	0.5	5	1	9	5	0.9	-6.5	5	17	0
34	0.5	5	1	9	5	0.75	-5.5	5	18	0
65	0.5	5	1	9	5	0.75	-8.0	5	19	0
70	0.5	5	1	9	5	0.6	-5.5	5	20	0
49	0.5	5	1	9	5	0.44999999999999996	-7.0	5	21	0
39	0.5	5	1	9	5	0.3	-7.5	-5	22	0
23	0.5	5	1	9	5	0.6	-6.5	-5	23	0
7	0.5	5	1	9	5	0.75	-5.5	-5	24	0
58	0.5	5	1	9	5	0.75	-7.0	-5	25	0
45	0.5	5	1	9	5	0.44999999999999996	-4.5	-5	26	0
4	0.5	5	1	9	5	0.6	-7.0	-5	27	0
69	0.5	5	1	9	5	0.44999999999999996	-6.0	5	28	0
42	0.5	5	1	9	5	0.9	-6.0	-5	29	0
11	0.5	5	1	9	5	0.44999999999999996	-8.0	5	30	0
29	0.5	5	1	9	5	0.3	-8.0	5	31	0
17	0.5	5	1	9	5	0.3	-5.0	5	32	0
25	0.5	5	1	9	5	0.75	-5.5	-5	33	0
48	0.5	5	1	9	5	0.75	-7.5	5	34	0
56	0.5	5	1	9	5	0.75	-8.0	-5	35	0
64	0.5	5	1	9	5	0.6	-8.5	5	36	0
46	0.5	5	1	9	5	0.6	-8.5	5	37	0
28	0.5	5	1	9	5	0.6	-8.5	5	38	0
21	0.5	5	1	9	5	0.3	-7.5	-5	39	0
22	0.5	5	1	9	5	0.3	-7.0	-5	40	0
55	0.5	5	1	9	5	0.3	-8.5	-5	41	0
13	0.5	5	1	9	5	0.75	-7.0	5	42	0
24	0.5	5	1	9	5	0.9	-6.0	-5	43	0
2	0.5	5	1	9	5	0.9	-8.0	-5	44	0
50	0.5	5	1	9	5	0.75	-6.5	5	45	0
18	0.5	5	1	9	5	0.44999999999999996	-4.5	5	46	0
32	0.5	5	1	9	5	0.44999999999999996	-6.5	5	47	0
54	0.5	5	1	9	5	0.75	-4.5	5	48	0
63	0.5	5	1	9	5	0.6	-4.5	-5	49	0
31	0.5	5	1	9	5	0.3	-7.0	5	50	0
30	0.5	5	1	9	5	0.6	-7.5	5	51	0
52	0.5	5	1	9	5	0.9	-5.5	5	52	0
36	0.5	5	1	9	5	0.3	-4.5	5	53	0
68	0.5	5	1	9	5	0.44999999999999996	-6.5	5	54	0
6	0.5	5	1	9	5	0.9	-6.0	-5	55	0
16	0.5	5	1	9	5	0.9	-5.5	5	56	0
53	0.5	5	1	9	5	0.9	-5.0	5	57	0
5	0.5	5	1	9	5	0.6	-6.5	-5	58	0
1	0.5	5	1	9	5	0.9	-8.5	-5	59	0
10	0.5	5	1	9	5	0.6	-8.5	5	60	0
19	0.5	5	1	9	5	0.3	-8.5	-5	61	0
40	0.5	5	1	9	5	0.6	-7.0	-5	62	0
47	0.5	5	1	9	5	0.75	-8.0	5	63	0
20	0.5	5	1	9	5	0.44999999999999996	-8.0	-5	64	0
51	0.5	5	1	9	5	0.44999999999999996	-6.0	5	65	0
44	0.5	5	1	9	5	0.9	-5.0	-5	66	0
26	0.5	5	1	9	5	0.6	-5.0	-5	67	0
67	0.5	5	1	9	5	0.44999999999999996	-7.0	5	68	0
61	0.5	5	1	9	5	0.75	-5.5	-5	69	0
27	0.5	5	1	9	5	0.44999999999999996	-4.5	-5	70	0
41	0.5	5	1	9	5	0.75	-6.5	-5	71	0
3	0.5	5	1	9	5	0.6	-7.5	-5	72	0
28	0.5	5	1	9	5	0.6	-8.5	5	1	1
44	0.5	5	1	9	5	0.9	-5.0	-5	2	1
68	0.5	5	1	9	5	0.44999999999999996	-6.5	5	3	1
4	0.5	5	1	9	5	0.6	-7.0	-5	4	1
3	0.5	5	1	9	5	0.6	-7.5	-5	5	1
2	0.5	5	1	9	5	0.9	-8.0	-5	6	1
46	0.5	5	1	9	5	0.6	-8.5	5	7	1
26	0.5	5	1	9	5	0.6	-5.0	-5	8	1
49	0.5	5	1	9	5	0.44999999999999996	-7.0	5	9	1
30	0.5	5	1	9	5	0.6	-7.5	5	10	1
22	0.5	5	1	9	5	0.3	-7.0	-5	11	1
13	0.5	5	1	9	5	0.75	-7.0	5	12	1
55	0.5	5	1	9	5	0.3	-8.5	-5	13	1
23	0.5	5	1	9	5	0.6	-6.5	-5	14	1
66	0.5	5	1	9	5	0.44999999999999996	-7.5	5	15	1
56	0.5	5	1	9	5	0.75	-8.0	-5	16	1
17	0.5	5	1	9	5	0.3	-5.0	5	17	1
18	0.5	5	1	9	5	0.44999999999999996	-4.5	5	18	1
57	0.5	5	1	9	5	0.44999999999999996	-7.5	-5	19	1
36	0.5	5	1	9	5	0.3	-4.5	5	20	1
62	0.5	5	1	9	5	0.44999999999999996	-5.0	-5	21	1
65	0.5	5	1	9	5	0.75	-8.0	5	22	1
58	0.5	5	1	9	5	0.75	-7.0	-5	23	1
54	0.5	5	1	9	5	0.75	-4.5	5	24	1
48	0.5	5	1	9	5	0.75	-7.5	5	25	1
12	0.5	5	1	9	5	0.75	-7.5	5	26	1
38	0.5	5	1	9	5	0.44999999999999996	-8.0	-5	27	1
53	0.5	5	1	9	5	0.9	-5.0	5	28	1
37	0.5	5	1	9	5	0.3	-8.5	-5	29	1
42	0.5	5	1	9	5	0.9	-6.0	-5	30	1
60	0.5	5	1	9	5	0.44999999999999996	-6.0	-5	31	1
33	0.5	5	1	9	5	0.6	-6.0	5	32	1
39	0.5	5	1	9	5	0.3	-7.5	-5	33	1
59	0.5	5	1	9	5	0.3	-6.5	-5	34	1
5	0.5	5	1	9	5	0.6	-6.5	-5	35	1
10	0.5	5	1	9	5	0.6	-8.5	5	36	1
16	0.5	5	1	9	5	0.9	-5.5	5	37	1
63	0.5	5	1	9	5	0.6	-4.5	-5	38	1
40	0.5	5	1	9	5	0.6	-7.0	-5	39	1
61	0.5	5	1	9	5	0.75	-5.5	-5	40	1
43	0.5	5	1	9	5	0.6	-5.5	-5	41	1
71	0.5	5	1	9	5	0.44999999999999996	-5.0	5	42	1
1	0.5	5	1	9	5	0.9	-8.5	-5	43	1
14	0.5	5	1	9	5	0.9	-6.5	5	44	1
20	0.5	5	1	9	5	0.44999999999999996	-8.0	-5	45	1
32	0.5	5	1	9	5	0.44999999999999996	-6.5	5	46	1
69	0.5	5	1	9	5	0.44999999999999996	-6.0	5	47	1
29	0.5	5	1	9	5	0.3	-8.0	5	48	1
21	0.5	5	1	9	5	0.3	-7.5	-5	49	1
52	0.5	5	1	9	5	0.9	-5.5	5	50	1
27	0.5	5	1	9	5	0.44999999999999996	-4.5	-5	51	1
51	0.5	5	1	9	5	0.44999999999999996	-6.0	5	52	1
31	0.5	5	1	9	5	0.3	-7.0	5	53	1
41	0.5	5	1	9	5	0.75	-6.5	-5	54	1
70	0.5	5	1	9	5	0.6	-5.5	5	55	1
35	0.5	5	1	9	5	0.3	-5.0	5	56	1
72	0.5	5	1	9	5	0.75	-4.5	5	57	1
6	0.5	5	1	9	5	0.9	-6.0	-5	58	1
47	0.5	5	1	9	5	0.75	-8.0	5	59	1
45	0.5	5	1	9	5	0.44999999999999996	-4.5	-5	60	1
9	0.5	5	1	9	5	0.75	-4.5	-5	61	1
7	0.5	5	1	9	5	0.75	-5.5	-5	62	1
8	0.5	5	1	9	5	0.3	-5.0	-5	63	1
67	0.5	5	1	9	5	0.44999999999999996	-7.0	5	64	1
24	0.5	5	1	9	5	0.9	-6.0	-5	65	1
19	0.5	5	1	9	5	0.3	-8.5	-5	66	1
25	0.5	5	1	9	5	0.75	-5.5	-5	67	1
15	0.5	5	1	9	5	0.44999999999999996	-6.0	5	68	1
50	0.5	5	1	9	5	0.75	-6.5	5	69	1
34	0.5	5	1	9	5	0.75	-5.5	5	70	1
64	0.5	5	1	9	5	0.6	-8.5	5	71	1
11	0.5	5	1	9	5	0.44999999999999996	-8.0	5	72	1
60	0.5	5	1	9	5	0.44999999999999996	-6.0	-5	1	2
65	0.5	5	1	9	5	0.75	-8.0	5	2	2
2	0.5	5	1	9	5	0.9	-8.0	-5	3	2
64	0.5	5	1	9	5	0.6	-8.5	5	4	2
54	0.5	5	1	9	5	0.75	-4.5	5	5	2
66	0.5	5	1	9	5	0.44999999999999996	-7.5	5	6	2
40	0.5	5	1	9	5	0.6	-7.0	-5	7	2
11	0.5	5	1	9	5	0.44999999999999996	-8.0	5	8	2
5	0.5	5	1	9	5	0.6	-6.5	-5	9	2
67	0.5	5	1	9	5	0.44999999999999996	-7.0	5	10	2
41	0.5	5	1	9	5	0.75	-6.5	-5	11	2
29	0.5	5	1	9	5	0.3	-8.0	5	12	2
42	0.5	5	1	9	5	0.9	-6.0	-5	13	2
62	0.5	5	1	9	5	0.44999999999999996	-5.0	-5	14	2
34	0.5	5	1	9	5	0.75	-5.5	5	15	2
21	0.5	5	1	9	5	0.3	-7.5	-5	16	2
70	0.5	5	1	9	5	0.6	-5.5	5	17	2
37	0.5	5	1	9	5	0.3	-8.5	-5	18	2
19	0.5	5	1	9	5	0.3	-8.5	-5	19	2
8	0.5	5	1	9	5	0.3	-5.0	-5	20	2
57	0.5	5	1	9	5	0.44999999999999996	-7.5	-5	21	2
23	0.5	5	1	9	5	0.6	-6.5	-5	22	2
72	0.5	5	1	9	5	0.75	-4.5	5	23	2
3	0.5	5	1	9	5	0.6	-7.5	-5	24	2
25	0.5	5	1	9	5	0.75	-5.5	-5	25	2
71	0.5	5	1	9	5	0.44999999999999996	-5.0	5	26	2
31	0.5	5	1	9	5	0.3	-7.0	5	27	2
17	0.5	5	1	9	5	0.3	-5.0	5	28	2
49	0.5	5	1	9	5	0.44999999999999996	-7.0	5	29	2
24	0.5	5	1	9	5	0.9	-6.0	-5	30	2
28	0.5	5	1	9	5	0.6	-8.5	5	31	2
39	0.5	5	1	9	5	0.3	-7.5	-5	32	2
30	0.5	5	1	9	5	0.6	-7.5	5	33	2
51	0.5	5	1	9	5	0.44999999999999996	-6.0	5	34	2
59	0.5	5	1	9	5	0.3	-6.5	-5	35	2
35	0.5	5	1	9	5	0.3	-5.0	5	36	2
4	0.5	5	1	9	5	0.6	-7.0	-5	37	2
48	0.5	5	1	9	5	0.75	-7.5	5	38	2
14	0.5	5	1	9	5	0.9	-6.5	5	39	2
15	0.5	5	1	9	5	0.44999999999999996	-6.0	5	40	2
27	0.5	5	1	9	5	0.44999999999999996	-4.5	-5	41	2
61	0.5	5	1	9	5	0.75	-5.5	-5	42	2
16	0.5	5	1	9	5	0.9	-5.5	5	43	2
22	0.5	5	1	9	5	0.3	-7.0	-5	44	2
47	0.5	5	1	9	5	0.75	-8.0	5	45	2
43	0.5	5	1	9	5	0.6	-5.5	-5	46	2
12	0.5	5	1	9	5	0.75	-7.5	5	47	2
38	0.5	5	1	9	5	0.44999999999999996	-8.0	-5	48	2
68	0.5	5	1	9	5	0.44999999999999996	-6.5	5	49	2
20	0.5	5	1	9	5	0.44999999999999996	-8.0	-5	50	2
6	0.5	5	1	9	5	0.9	-6.0	-5	51	2
44	0.5	5	1	9	5	0.9	-5.0	-5	52	2
36	0.5	5	1	9	5	0.3	-4.5	5	53	2
56	0.5	5	1	9	5	0.75	-8.0	-5	54	2
7	0.5	5	1	9	5	0.75	-5.5	-5	55	2
58	0.5	5	1	9	5	0.75	-7.0	-5	56	2
50	0.5	5	1	9	5	0.75	-6.5	5	57	2
55	0.5	5	1	9	5	0.3	-8.5	-5	58	2
13	0.5	5	1	9	5	0.75	-7.0	5	59	2
32	0.5	5	1	9	5	0.44999999999999996	-6.5	5	60	2
10	0.5	5	1	9	5	0.6	-8.5	5	61	2
69	0.5	5	1	9	5	0.44999999999999996	-6.0	5	62	2
46	0.5	5	1	9	5	0.6	-8.5	5	63	2
1	0.5	5	1	9	5	0.9	-8.5	-5	64	2
45	0.5	5	1	9	5	0.44999999999999996	-4.5	-5	65	2
52	0.5	5	1	9	5	0.9	-5.5	5	66	2
33	0.5	5	1	9	5	0.6	-6.0	5	67	2
9	0.5	5	1	9	5	0.75	-4.5	-5	68	2
18	0.5	5	1	9	5	0.44999999999999996	-4.5	5	69	2
26	0.5	5	1	9	5	0.6	-5.0	-5	70	2
53	0.5	5	1	9	5	0.9	-5.0	5	71	2
63	0.5	5	1	9	5	0.6	-4.5	-5	72	2
47	0.5	5	1	9	5	0.75	-8.0	5	1	3
16	0.5	5	1	9	5	0.9	-5.5	5	2	3
4	0.5	5	1	9	5	0.6	-7.0	-5	3	3
25	0.5	5	1	9	5	0.75	-5.5	-5	4	3
62	0.5	5	1	9	5	0.44999999999999996	-5.0	-5	5	3
3	0.5	5	1	9	5	0.6	-7.5	-5	6	3
2	0.5	5	1	9	5	0.9	-8.0	-5	7	3
69	0.5	5	1	9	5	0.44999999999999996	-6.0	5	8	3
9	0.5	5	1	9	5	0.75	-4.5	-5	9	3
28	0.5	5	1	9	5	0.6	-8.5	5	10	3
60	0.5	5	1	9	5	0.44999999999999996	-6.0	-5	11	3
49	0.5	5	1	9	5	0.44999999999999996	-7.0	5	12	3
44	0.5	5	1	9	5	0.9	-5.0	-5	13	3
50	0.5	5	1	9	5	0.75	-6.5	5	14	3
38	0.5	5	1	9	5	0.44999999999999996	-8.0	-5	15	3
45	0.5	5	1	9	5	0.44999999999999996	-4.5	-5	16	3
54	0.5	5	1	9	5	0.75	-4.5	5	17	3
46	0.5	5	1	9	5	0.6	-8.5	5	18	3
31	0.5	5	1	9	5	0.3	-7.0	5	19	3
35	0.5	5	1	9	5	0.3	-5.0	5	20	3
55	0.5	5	1	9	5	0.3	-8.5	-5	21	3
67	0.5	5	1	9	5	0.44999999999999996	-7.0	5	22	3
70	0.5	5	1	9	5	0.6	-5.5	5	23	3
30	0.5	5	1	9	5	0.6	-7.5	5	24	3
8	0.5	5	1	9	5	0.3	-5.0	-5	25	3
5	0.5	5	1	9	5	0.6	-6.5	-5	26	3
53	0.5	5	1	9	5	0.9	-5.0	5	27	3
29	0.5	5	1	9	5	0.3	-8.0	5	28	3
40	0.5	5	1	9	5	0.6	-7.0	-5	29	3
15	0.5	5	1	9	5	0.44999999999999996	-6.0	5	30	3
43	0.5	5	1	9	5	0.6	-5.5	-5	31	3
58	0.5	5	1	9	5	0.75	-7.0	-5	32	3
27	0.5	5	1	9	5	0.44999999999999996	-4.5	-5	33	3
1	0.5	5	1	9	5	0.9	-8.5	-5	34	3
17	0.5	5	1	9	5	0.3	-5.0	5	35	3
33	0.5	5	1	9	5	0.6	-6.0	5	36	3
64	0.5	5	1	9	5	0.6	-8.5	5	37	3
66	0.5	5	1	9	5	0.44999999999999996	-7.5	5	38	3
12	0.5	5	1	9	5	0.75	-7.5	5	39	3
19	0.5	5	1	9	5	0.3	-8.5	-5	40	3
34	0.5	5	1	9	5	0.75	-5.5	5	41	3
57	0.5	5	1	9	5	0.44999999999999996	-7.5	-5	42	3
51	0.5	5	1	9	5	0.44999999999999996	-6.0	5	43	3
14	0.5	5	1	9	5	0.9	-6.5	5	44	3
41	0.5	5	1	9	5	0.75	-6.5	-5	45	3
65	0.5	5	1	9	5	0.75	-8.0	5	46	3
10	0.5	5	1	9	5	0.6	-8.5	5	47	3
21	0.5	5	1	9	5	0.3	-7.5	-5	48	3
7	0.5	5	1	9	5	0.75	-5.5	-5	49	3
48	0.5	5	1	9	5	0.75	-7.5	5	50	3
36	0.5	5	1	9	5	0.3	-4.5	5	51	3
20	0.5	5	1	9	5	0.44999999999999996	-8.0	-5	52	3
52	0.5	5	1	9	5	0.9	-5.5	5	53	3
39	0.5	5	1	9	5	0.3	-7.5	-5	54	3
11	0.5	5	1	9	5	0.44999999999999996	-8.0	5	55	3
37	0.5	5	1	9	5	0.3	-8.5	-5	56	3
61	0.5	5	1	9	5	0.75	-5.5	-5	57	3
63	0.5	5	1	9	5	0.6	-4.5	-5	58	3
18	0.5	5	1	9	5	0.44999999999999996	-4.5	5	59	3
56	0.5	5	1	9	5	0.75	-8.0	-5	60	3
26	0.5	5	1	9	5	0.6	-5.0	-5	61	3
71	0.5	5	1	9	5	0.44999999999999996	-5.0	5	62	3
13	0.5	5	1	9	5	0.75	-7.0	5	63	3
59	0.5	5	1	9	5	0.3	-6.5	-5	64	3
6	0.5	5	1	9	5	0.9	-6.0	-5	65	3
72	0.5	5	1	9	5	0.75	-4.5	5	66	3
23	0.5	5	1	9	5	0.6	-6.5	-5	67	3
68	0.5	5	1	9	5	0.44999999999999996	-6.5	5	68	3
24	0.5	5	1	9	5	0.9	-6.0	-5	69	3
22	0.5	5	1	9	5	0.3	-7.0	-5	70	3
32	0.5	5	1	9	5	0.44999999999999996	-6.5	5	71	3
42	0.5	5	1	9	5	0.9	-6.0	-5	72	3
43	0.5	5	1	9	5	0.6	-5.5	-5	1	4
7	0.5	5	1	9	5	0.75	-5.5	-5	2	4
64	0.5	5	1	9	5	0.6	-8.5	5	3	4
23	0.5	5	1	9	5	0.6	-6.5	-5	4	4
56	0.5	5	1	9	5	0.75	-8.0	-5	5	4
1	0.5	5	1	9	5	0.9	-8.5	-5	6	4
68	0.5	5	1	9	5	0.44999999999999996	-6.5	5	7	4
70	0.5	5	1	9	5	0.6	-5.5	5	8	4
34	0.5	5	1	9	5	0.75	-5.5	5	9	4
47	0.5	5	1	9	5	0.75	-8.0	5	10	4
42	0.5	5	1	9	5	0.9	-6.0	-5	11	4
3	0.5	5	1	9	5	0.6	-7.5	-5	12	4
26	0.5	5	1	9	5	0.6	-5.0	-5	13	4
57	0.5	5	1	9	5	0.44999999999999996	-7.5	-5	14	4
53	0.5	5	1	9	5	0.9	-5.0	5	15	4
35	0.5	5	1	9	5	0.3	-5.0	5	16	4
33	0.5	5	1	9	5	0.6	-6.0	5	17	4
9	0.5	5	1	9	5	0.75	-4.5	-5	18	4
18	0.5	5	1	9	5	0.44999999999999996	-4.5	5	19	4
10	0.5	5	1	9	5	0.6	-8.5	5	20	4
36	0.5	5	1	9	5	0.3	-4.5	5	21	4
69	0.5	5	1	9	5	0.44999999999999996	-6.0	5	22	4
71	0.5	5	1	9	5	0.44999999999999996	-5.0	5	23	4
50	0.5	5	1	9	5	0.75	-6.5	5	24	4
59	0.5	5	1	9	5	0.3	-6.5	-5	25	4
60	0.5	5	1	9	5	0.44999999999999996	-6.0	-5	26	4
44	0.5	5	1	9	5	0.9	-5.0	-5	27	4
21	0.5	5	1	9	5	0.3	-7.5	-5	28	4
65	0.5	5	1	9	5	0.75	-8.0	5	29	4
6	0.5	5	1	9	5	0.9	-6.0	-5	30	4
13	0.5	5	1	9	5	0.75	-7.0	5	31	4
22	0.5	5	1	9	5	0.3	-7.0	-5	32	4
27	0.5	5	1	9	5	0.44999999999999996	-4.5	-5	33	4
37	0.5	5	1	9	5	0.3	-8.5	-5	34	4
48	0.5	5	1	9	5	0.75	-7.5	5	35	4
61	0.5	5	1	9	5	0.75	-5.5	-5	36	4
32	0.5	5	1	9	5	0.44999999999999996	-6.5	5	37	4
54	0.5	5	1	9	5	0.75	-4.5	5	38	4
24	0.5	5	1	9	5	0.9	-6.0	-5	39	4
39	0.5	5	1	9	5	0.3	-7.5	-5	40	4
52	0.5	5	1	9	5	0.9	-5.5	5	41	4
67	0.5	5	1	9	5	0.44999999999999996	-7.0	5	42	4
30	0.5	5	1	9	5	0.6	-7.5	5	43	4
16	0.5	5	1	9	5	0.9	-5.5	5	44	4
31	0.5	5	1	9	5	0.3	-7.0	5	45	4
41	0.5	5	1	9	5	0.75	-6.5	-5	46	4
62	0.5	5	1	9	5	0.44999999999999996	-5.0	-5	47	4
19	0.5	5	1	9	5	0.3	-8.5	-5	48	4
72	0.5	5	1	9	5	0.75	-4.5	5	49	4
14	0.5	5	1	9	5	0.9	-6.5	5	50	4
12	0.5	5	1	9	5	0.75	-7.5	5	51	4
49	0.5	5	1	9	5	0.44999999999999996	-7.0	5	52	4
63	0.5	5	1	9	5	0.6	-4.5	-5	53	4
55	0.5	5	1	9	5	0.3	-8.5	-5	54	4
5	0.5	5	1	9	5	0.6	-6.5	-5	55	4
66	0.5	5	1	9	5	0.44999999999999996	-7.5	5	56	4
28	0.5	5	1	9	5	0.6	-8.5	5	57	4
20	0.5	5	1	9	5	0.44999999999999996	-8.0	-5	58	4
2	0.5	5	1	9	5	0.9	-8.0	-5	59	4
8	0.5	5	1	9	5	0.3	-5.0	-5	60	4
38	0.5	5	1	9	5	0.44999999999999996	-8.0	-5	61	4
45	0.5	5	1	9	5	0.44999999999999996	-4.5	-5	62	4
40	0.5	5	1	9	5	0.6	-7.0	-5	63	4
51	0.5	5	1	9	5	0.44999999999999996	-6.0	5	64	4
29	0.5	5	1	9	5	0.3	-8.0	5	65	4
4	0.5	5	1	9	5	0.6	-7.0	-5	66	4
25	0.5	5	1	9	5	0.75	-5.5	-5	67	4
46	0.5	5	1	9	5	0.6	-8.5	5	68	4
58	0.5	5	1	9	5	0.75	-7.0	-5	69	4
15	0.5	5	1	9	5	0.44999999999999996	-6.0	5	70	4
17	0.5	5	1	9	5	0.3	-5.0	5	71	4
11	0.5	5	1	9	5	0.44999999999999996	-8.0	5	72	4
8	0.5	5	1	9	5	0.3	-5.0	-5	1	5
52	0.5	5	1	9	5	0.9	-5.5	5	2	5
69	0.5	5	1	9	5	0.44999999999999996	-6.0	5	3	5
7	0.5	5	1	9	5	0.75	-5.5	-5	4	5
29	0.5	5	1	9	5	0.3	-8.0	5	5	5
34	0.5	5	1	9	5	0.75	-5.5	5	6	5
50	0.5	5	1	9	5	0.75	-6.5	5	7	5
10	0.5	5	1	9	5	0.6	-8.5	5	8	5
1	0.5	5	1	9	5	0.9	-8.5	-5	9	5
35	0.5	5	1	9	5	0.3	-5.0	5	10	5
36	0.5	5	1	9	5	0.3	-4.5	5	11	5
14	0.5	5	1	9	5	0.9	-6.5	5	12	5
9	0.5	5	1	9	5	0.75	-4.5	-5	13	5
61	0.5	5	1	9	5	0.75	-5.5	-5	14	5
18	0.5	5	1	9	5	0.44999999999999996	-4.5	5	15	5
45	0.5	5	1	9	5	0.44999999999999996	-4.5	-5	16	5
30	0.5	5	1	9	5	0.6	-7.5	5	17	5
63	0.5	5	1	9	5	0.6	-4.5	-5	18	5
13	0.5	5	1	9	5	0.75	-7.0	5	19	5
38	0.5	5	1	9	5	0.44999999999999996	-8.0	-5	20	5
62	0.5	5	1	9	5	0.44999999999999996	-5.0	-5	21	5
53	0.5	5	1	9	5	0.9	-5.0	5	22	5
12	0.5	5	1	9	5	0.75	-7.5	5	23	5
58	0.5	5	1	9	5	0.75	-7.0	-5	24	5
67	0.5	5	1	9	5	0.44999999999999996	-7.0	5	25	5
25	0.5	5	1	9	5	0.75	-5.5	-5	26	5
55	0.5	5	1	9	5	0.3	-8.5	-5	27	5
42	0.5	5	1	9	5	0.9	-6.0	-5	28	5
31	0.5	5	1	9	5	0.3	-7.0	5	29	5
6	0.5	5	1	9	5	0.9	-6.0	-5	30	5
40	0.5	5	1	9	5	0.6	-7.0	-5	31	5
2	0.5	5	1	9	5	0.9	-8.0	-5	32	5
32	0.5	5	1	9	5	0.44999999999999996	-6.5	5	33	5
23	0.5	5	1	9	5	0.6	-6.5	-5	34	5
3	0.5	5	1	9	5	0.6	-7.5	-5	35	5
72	0.5	5	1	9	5	0.75	-4.5	5	36	5
37	0.5	5	1	9	5	0.3	-8.5	-5	37	5
15	0.5	5	1	9	5	0.44999999999999996	-6.0	5	38	5
43	0.5	5	1	9	5	0.6	-5.5	-5	39	5
49	0.5	5	1	9	5	0.44999999999999996	-7.0	5	40	5
65	0.5	5	1	9	5	0.75	-8.0	5	41	5
66	0.5	5	1	9	5	0.44999999999999996	-7.5	5	42	5
28	0.5	5	1	9	5	0.6	-8.5	5	43	5
39	0.5	5	1	9	5	0.3	-7.5	-5	44	5
54	0.5	5	1	9	5	0.75	-4.5	5	45	5
71	0.5	5	1	9	5	0.44999999999999996	-5.0	5	46	5
24	0.5	5	1	9	5	0.9	-6.0	-5	47	5
17	0.5	5	1	9	5	0.3	-5.0	5	48	5
16	0.5	5	1	9	5	0.9	-5.5	5	49	5
21	0.5	5	1	9	5	0.3	-7.5	-5	50	5
56	0.5	5	1	9	5	0.75	-8.0	-5	51	5
60	0.5	5	1	9	5	0.44999999999999996	-6.0	-5	52	5
33	0.5	5	1	9	5	0.6	-6.0	5	53	5
68	0.5	5	1	9	5	0.44999999999999996	-6.5	5	54	5
4	0.5	5	1	9	5	0.6	-7.0	-5	55	5
57	0.5	5	1	9	5	0.44999999999999996	-7.5	-5	56	5
5	0.5	5	1	9	5	0.6	-6.5	-5	57	5
46	0.5	5	1	9	5	0.6	-8.5	5	58	5
64	0.5	5	1	9	5	0.6	-8.5	5	59	5
41	0.5	5	1	9	5	0.75	-6.5	-5	60	5
20	0.5	5	1	9	5	0.44999999999999996	-8.0	-5	61	5
70	0.5	5	1	9	5	0.6	-5.5	5	62	5
19	0.5	5	1	9	5	0.3	-8.5	-5	63	5
22	0.5	5	1	9	5	0.3	-7.0	-5	64	5
44	0.5	5	1	9	5	0.9	-5.0	-5	65	5
48	0.5	5	1	9	5	0.75	-7.5	5	66	5
47	0.5	5	1	9	5	0.75	-8.0	5	67	5
27	0.5	5	1	9	5	0.44999999999999996	-4.5	-5	68	5
11	0.5	5	1	9	5	0.44999999999999996	-8.0	5	69	5
51	0.5	5	1	9	5	0.44999999999999996	-6.0	5	70	5
59	0.5	5	1	9	5	0.3	-6.5	-5	71	5
26	0.5	5	1	9	5	0.6	-5.0	-5	72	5
52	0.5	5	1	9	5	0.9	-5.5	5	1	6
24	0.5	5	1	9	5	0.9	-6.0	-5	2	6
59	0.5	5	1	9	5	0.3	-6.5	-5	3	6
31	0.5	5	1	9	5	0.3	-7.0	5	4	6
6	0.5	5	1	9	5	0.9	-6.0	-5	5	6
65	0.5	5	1	9	5	0.75	-8.0	5	6	6
33	0.5	5	1	9	5	0.6	-6.0	5	7	6
15	0.5	5	1	9	5	0.44999999999999996	-6.0	5	8	6
44	0.5	5	1	9	5	0.9	-5.0	-5	9	6
12	0.5	5	1	9	5	0.75	-7.5	5	10	6
69	0.5	5	1	9	5	0.44999999999999996	-6.0	5	11	6
7	0.5	5	1	9	5	0.75	-5.5	-5	12	6
13	0.5	5	1	9	5	0.75	-7.0	5	13	6
37	0.5	5	1	9	5	0.3	-8.5	-5	14	6
17	0.5	5	1	9	5	0.3	-5.0	5	15	6
16	0.5	5	1	9	5	0.9	-5.5	5	16	6
56	0.5	5	1	9	5	0.75	-8.0	-5	17	6
42	0.5	5	1	9	5	0.9	-6.0	-5	18	6
18	0.5	5	1	9	5	0.44999999999999996	-4.5	5	19	6
64	0.5	5	1	9	5	0.6	-8.5	5	20	6
38	0.5	5	1	9	5	0.44999999999999996	-8.0	-5	21	6
29	0.5	5	1	9	5	0.3	-8.0	5	22	6
8	0.5	5	1	9	5	0.3	-5.0	-5	23	6
63	0.5	5	1	9	5	0.6	-4.5	-5	24	6
67	0.5	5	1	9	5	0.44999999999999996	-7.0	5	25	6
41	0.5	5	1	9	5	0.75	-6.5	-5	26	6
51	0.5	5	1	9	5	0.44999999999999996	-6.0	5	27	6
28	0.5	5	1	9	5	0.6	-8.5	5	28	6
40	0.5	5	1	9	5	0.6	-7.0	-5	29	6
5	0.5	5	1	9	5	0.6	-6.5	-5	30	6
46	0.5	5	1	9	5	0.6	-8.5	5	31	6
26	0.5	5	1	9	5	0.6	-5.0	-5	32	6
35	0.5	5	1	9	5	0.3	-5.0	5	33	6
66	0.5	5	1	9	5	0.44999999999999996	-7.5	5	34	6
70	0.5	5	1	9	5	0.6	-5.5	5	35	6
30	0.5	5	1	9	5	0.6	-7.5	5	36	6
20	0.5	5	1	9	5	0.44999999999999996	-8.0	-5	37	6
54	0.5	5	1	9	5	0.75	-4.5	5	38	6
53	0.5	5	1	9	5	0.9	-5.0	5	39	6
45	0.5	5	1	9	5	0.44999999999999996	-4.5	-5	40	6
27	0.5	5	1	9	5	0.44999999999999996	-4.5	-5	41	6
34	0.5	5	1	9	5	0.75	-5.5	5	42	6
71	0.5	5	1	9	5	0.44999999999999996	-5.0	5	43	6
43	0.5	5	1	9	5	0.6	-5.5	-5	44	6
39	0.5	5	1	9	5	0.3	-7.5	-5	45	6
2	0.5	5	1	9	5	0.9	-8.0	-5	46	6
4	0.5	5	1	9	5	0.6	-7.0	-5	47	6
22	0.5	5	1	9	5	0.3	-7.0	-5	48	6
58	0.5	5	1	9	5	0.75	-7.0	-5	49	6
60	0.5	5	1	9	5	0.44999999999999996	-6.0	-5	50	6
55	0.5	5	1	9	5	0.3	-8.5	-5	51	6
49	0.5	5	1	9	5	0.44999999999999996	-7.0	5	52	6
9	0.5	5	1	9	5	0.75	-4.5	-5	53	6
1	0.5	5	1	9	5	0.9	-8.5	-5	54	6
61	0.5	5	1	9	5	0.75	-5.5	-5	55	6
3	0.5	5	1	9	5	0.6	-7.5	-5	56	6
21	0.5	5	1	9	5	0.3	-7.5	-5	57	6
25	0.5	5	1	9	5	0.75	-5.5	-5	58	6
19	0.5	5	1	9	5	0.3	-8.5	-5	59	6
50	0.5	5	1	9	5	0.75	-6.5	5	60	6
72	0.5	5	1	9	5	0.75	-4.5	5	61	6
47	0.5	5	1	9	5	0.75	-8.0	5	62	6
62	0.5	5	1	9	5	0.44999999999999996	-5.0	-5	63	6
11	0.5	5	1	9	5	0.44999999999999996	-8.0	5	64	6
14	0.5	5	1	9	5	0.9	-6.5	5	65	6
23	0.5	5	1	9	5	0.6	-6.5	-5	66	6
32	0.5	5	1	9	5	0.44999999999999996	-6.5	5	67	6
57	0.5	5	1	9	5	0.44999999999999996	-7.5	-5	68	6
10	0.5	5	1	9	5	0.6	-8.5	5	69	6
36	0.5	5	1	9	5	0.3	-4.5	5	70	6
48	0.5	5	1	9	5	0.75	-7.5	5	71	6
68	0.5	5	1	9	5	0.44999999999999996	-6.5	5	72	6
40	0.5	5	1	9	5	0.6	-7.0	-5	1	7
69	0.5	5	1	9	5	0.44999999999999996	-6.0	5	2	7
50	0.5	5	1	9	5	0.75	-6.5	5	3	7
5	0.5	5	1	9	5	0.6	-6.5	-5	4	7
15	0.5	5	1	9	5	0.44999999999999996	-6.0	5	5	7
70	0.5	5	1	9	5	0.6	-5.5	5	6	7
39	0.5	5	1	9	5	0.3	-7.5	-5	7	7
64	0.5	5	1	9	5	0.6	-8.5	5	8	7
3	0.5	5	1	9	5	0.6	-7.5	-5	9	7
53	0.5	5	1	9	5	0.9	-5.0	5	10	7
43	0.5	5	1	9	5	0.6	-5.5	-5	11	7
30	0.5	5	1	9	5	0.6	-7.5	5	12	7
24	0.5	5	1	9	5	0.9	-6.0	-5	13	7
68	0.5	5	1	9	5	0.44999999999999996	-6.5	5	14	7
58	0.5	5	1	9	5	0.75	-7.0	-5	15	7
38	0.5	5	1	9	5	0.44999999999999996	-8.0	-5	16	7
22	0.5	5	1	9	5	0.3	-7.0	-5	17	7
37	0.5	5	1	9	5	0.3	-8.5	-5	18	7
66	0.5	5	1	9	5	0.44999999999999996	-7.5	5	19	7
49	0.5	5	1	9	5	0.44999999999999996	-7.0	5	20	7
16	0.5	5	1	9	5	0.9	-5.5	5	21	7
45	0.5	5	1	9	5	0.44999999999999996	-4.5	-5	22	7
62	0.5	5	1	9	5	0.44999999999999996	-5.0	-5	23	7
59	0.5	5	1	9	5	0.3	-6.5	-5	24	7
11	0.5	5	1	9	5	0.44999999999999996	-8.0	5	25	7
46	0.5	5	1	9	5	0.6	-8.5	5	26	7
19	0.5	5	1	9	5	0.3	-8.5	-5	27	7
23	0.5	5	1	9	5	0.6	-6.5	-5	28	7
51	0.5	5	1	9	5	0.44999999999999996	-6.0	5	29	7
71	0.5	5	1	9	5	0.44999999999999996	-5.0	5	30	7
57	0.5	5	1	9	5	0.44999999999999996	-7.5	-5	31	7
42	0.5	5	1	9	5	0.9	-6.0	-5	32	7
2	0.5	5	1	9	5	0.9	-8.0	-5	33	7
10	0.5	5	1	9	5	0.6	-8.5	5	34	7
13	0.5	5	1	9	5	0.75	-7.0	5	35	7
18	0.5	5	1	9	5	0.44999999999999996	-4.5	5	36	7
65	0.5	5	1	9	5	0.75	-8.0	5	37	7
52	0.5	5	1	9	5	0.9	-5.5	5	38	7
26	0.5	5	1	9	5	0.6	-5.0	-5	39	7
33	0.5	5	1	9	5	0.6	-6.0	5	40	7
27	0.5	5	1	9	5	0.44999999999999996	-4.5	-5	41	7
21	0.5	5	1	9	5	0.3	-7.5	-5	42	7
12	0.5	5	1	9	5	0.75	-7.5	5	43	7
36	0.5	5	1	9	5	0.3	-4.5	5	44	7
1	0.5	5	1	9	5	0.9	-8.5	-5	45	7
28	0.5	5	1	9	5	0.6	-8.5	5	46	7
63	0.5	5	1	9	5	0.6	-4.5	-5	47	7
35	0.5	5	1	9	5	0.3	-5.0	5	48	7
67	0.5	5	1	9	5	0.44999999999999996	-7.0	5	49	7
72	0.5	5	1	9	5	0.75	-4.5	5	50	7
55	0.5	5	1	9	5	0.3	-8.5	-5	51	7
6	0.5	5	1	9	5	0.9	-6.0	-5	52	7
4	0.5	5	1	9	5	0.6	-7.0	-5	53	7
54	0.5	5	1	9	5	0.75	-4.5	5	54	7
47	0.5	5	1	9	5	0.75	-8.0	5	55	7
32	0.5	5	1	9	5	0.44999999999999996	-6.5	5	56	7
61	0.5	5	1	9	5	0.75	-5.5	-5	57	7
9	0.5	5	1	9	5	0.75	-4.5	-5	58	7
56	0.5	5	1	9	5	0.75	-8.0	-5	59	7
41	0.5	5	1	9	5	0.75	-6.5	-5	60	7
44	0.5	5	1	9	5	0.9	-5.0	-5	61	7
8	0.5	5	1	9	5	0.3	-5.0	-5	62	7
29	0.5	5	1	9	5	0.3	-8.0	5	63	7
20	0.5	5	1	9	5	0.44999999999999996	-8.0	-5	64	7
48	0.5	5	1	9	5	0.75	-7.5	5	65	7
7	0.5	5	1	9	5	0.75	-5.5	-5	66	7
14	0.5	5	1	9	5	0.9	-6.5	5	67	7
60	0.5	5	1	9	5	0.44999999999999996	-6.0	-5	68	7
17	0.5	5	1	9	5	0.3	-5.0	5	69	7
31	0.5	5	1	9	5	0.3	-7.0	5	70	7
34	0.5	5	1	9	5	0.75	-5.5	5	71	7
25	0.5	5	1	9	5	0.75	-5.5	-5	72	7
25	0.5	5	1	9	5	0.75	-5.5	-5	1	8
50	0.5	5	1	9	5	0.75	-6.5	5	2	8
34	0.5	5	1	9	5	0.75	-5.5	5	3	8
36	0.5	5	1	9	5	0.3	-4.5	5	4	8
14	0.5	5	1	9	5	0.9	-6.5	5	5	8
13	0.5	5	1	9	5	0.75	-7.0	5	6	8
22	0.5	5	1	9	5	0.3	-7.0	-5	7	8
65	0.5	5	1	9	5	0.75	-8.0	5	8	8
58	0.5	5	1	9	5	0.75	-7.0	-5	9	8
1	0.5	5	1	9	5	0.9	-8.5	-5	10	8
4	0.5	5	1	9	5	0.6	-7.0	-5	11	8
27	0.5	5	1	9	5	0.44999999999999996	-4.5	-5	12	8
12	0.5	5	1	9	5	0.75	-7.5	5	13	8
19	0.5	5	1	9	5	0.3	-8.5	-5	14	8
32	0.5	5	1	9	5	0.44999999999999996	-6.5	5	15	8
44	0.5	5	1	9	5	0.9	-5.0	-5	16	8
17	0.5	5	1	9	5	0.3	-5.0	5	17	8
70	0.5	5	1	9	5	0.6	-5.5	5	18	8
56	0.5	5	1	9	5	0.75	-8.0	-5	19	8
6	0.5	5	1	9	5	0.9	-6.0	-5	20	8
51	0.5	5	1	9	5	0.44999999999999996	-6.0	5	21	8
54	0.5	5	1	9	5	0.75	-4.5	5	22	8
45	0.5	5	1	9	5	0.44999999999999996	-4.5	-5	23	8
23	0.5	5	1	9	5	0.6	-6.5	-5	24	8
5	0.5	5	1	9	5	0.6	-6.5	-5	25	8
29	0.5	5	1	9	5	0.3	-8.0	5	26	8
55	0.5	5	1	9	5	0.3	-8.5	-5	27	8
21	0.5	5	1	9	5	0.3	-7.5	-5	28	8
47	0.5	5	1	9	5	0.75	-8.0	5	29	8
33	0.5	5	1	9	5	0.6	-6.0	5	30	8
69	0.5	5	1	9	5	0.44999999999999996	-6.0	5	31	8
72	0.5	5	1	9	5	0.75	-4.5	5	32	8
31	0.5	5	1	9	5	0.3	-7.0	5	33	8
63	0.5	5	1	9	5	0.6	-4.5	-5	34	8
7	0.5	5	1	9	5	0.75	-5.5	-5	35	8
8	0.5	5	1	9	5	0.3	-5.0	-5	36	8
64	0.5	5	1	9	5	0.6	-8.5	5	37	8
68	0.5	5	1	9	5	0.44999999999999996	-6.5	5	38	8
46	0.5	5	1	9	5	0.6	-8.5	5	39	8
28	0.5	5	1	9	5	0.6	-8.5	5	40	8
10	0.5	5	1	9	5	0.6	-8.5	5	41	8
38	0.5	5	1	9	5	0.44999999999999996	-8.0	-5	42	8
30	0.5	5	1	9	5	0.6	-7.5	5	43	8
71	0.5	5	1	9	5	0.44999999999999996	-5.0	5	44	8
61	0.5	5	1	9	5	0.75	-5.5	-5	45	8
2	0.5	5	1	9	5	0.9	-8.0	-5	46	8
52	0.5	5	1	9	5	0.9	-5.5	5	47	8
66	0.5	5	1	9	5	0.44999999999999996	-7.5	5	48	8
57	0.5	5	1	9	5	0.44999999999999996	-7.5	-5	49	8
62	0.5	5	1	9	5	0.44999999999999996	-5.0	-5	50	8
18	0.5	5	1	9	5	0.44999999999999996	-4.5	5	51	8
11	0.5	5	1	9	5	0.44999999999999996	-8.0	5	52	8
49	0.5	5	1	9	5	0.44999999999999996	-7.0	5	53	8
39	0.5	5	1	9	5	0.3	-7.5	-5	54	8
20	0.5	5	1	9	5	0.44999999999999996	-8.0	-5	55	8
59	0.5	5	1	9	5	0.3	-6.5	-5	56	8
15	0.5	5	1	9	5	0.44999999999999996	-6.0	5	57	8
9	0.5	5	1	9	5	0.75	-4.5	-5	58	8
67	0.5	5	1	9	5	0.44999999999999996	-7.0	5	59	8
35	0.5	5	1	9	5	0.3	-5.0	5	60	8
24	0.5	5	1	9	5	0.9	-6.0	-5	61	8
48	0.5	5	1	9	5	0.75	-7.5	5	62	8
3	0.5	5	1	9	5	0.6	-7.5	-5	63	8
26	0.5	5	1	9	5	0.6	-5.0	-5	64	8
43	0.5	5	1	9	5	0.6	-5.5	-5	65	8
53	0.5	5	1	9	5	0.9	-5.0	5	66	8
40	0.5	5	1	9	5	0.6	-7.0	-5	67	8
60	0.5	5	1	9	5	0.44999999999999996	-6.0	-5	68	8
37	0.5	5	1	9	5	0.3	-8.5	-5	69	8
42	0.5	5	1	9	5	0.9	-6.0	-5	70	8
16	0.5	5	1	9	5	0.9	-5.5	5	71	8
41	0.5	5	1	9	5	0.75	-6.5	-5	72	8
47	0.5	5	1	9	5	0.75	-8.0	5	1	9
71	0.5	5	1	9	5	0.44999999999999996	-5.0	5	2	9
14	0.5	5	1	9	5	0.9	-6.5	5	3	9
31	0.5	5	1	9	5	0.3	-7.0	5	4	9
51	0.5	5	1	9	5	0.44999999999999996	-6.0	5	5	9
7	0.5	5	1	9	5	0.75	-5.5	-5	6	9
10	0.5	5	1	9	5	0.6	-8.5	5	7	9
5	0.5	5	1	9	5	0.6	-6.5	-5	8	9
15	0.5	5	1	9	5	0.44999999999999996	-6.0	5	9	9
43	0.5	5	1	9	5	0.6	-5.5	-5	10	9
37	0.5	5	1	9	5	0.3	-8.5	-5	11	9
64	0.5	5	1	9	5	0.6	-8.5	5	12	9
3	0.5	5	1	9	5	0.6	-7.5	-5	13	9
65	0.5	5	1	9	5	0.75	-8.0	5	14	9
26	0.5	5	1	9	5	0.6	-5.0	-5	15	9
28	0.5	5	1	9	5	0.6	-8.5	5	16	9
12	0.5	5	1	9	5	0.75	-7.5	5	17	9
48	0.5	5	1	9	5	0.75	-7.5	5	18	9
8	0.5	5	1	9	5	0.3	-5.0	-5	19	9
19	0.5	5	1	9	5	0.3	-8.5	-5	20	9
34	0.5	5	1	9	5	0.75	-5.5	5	21	9
55	0.5	5	1	9	5	0.3	-8.5	-5	22	9
62	0.5	5	1	9	5	0.44999999999999996	-5.0	-5	23	9
35	0.5	5	1	9	5	0.3	-5.0	5	24	9
18	0.5	5	1	9	5	0.44999999999999996	-4.5	5	25	9
38	0.5	5	1	9	5	0.44999999999999996	-8.0	-5	26	9
56	0.5	5	1	9	5	0.75	-8.0	-5	27	9
39	0.5	5	1	9	5	0.3	-7.5	-5	28	9
33	0.5	5	1	9	5	0.6	-6.0	5	29	9
53	0.5	5	1	9	5	0.9	-5.0	5	30	9
44	0.5	5	1	9	5	0.9	-5.0	-5	31	9
68	0.5	5	1	9	5	0.44999999999999996	-6.5	5	32	9
40	0.5	5	1	9	5	0.6	-7.0	-5	33	9
27	0.5	5	1	9	5	0.44999999999999996	-4.5	-5	34	9
21	0.5	5	1	9	5	0.3	-7.5	-5	35	9
57	0.5	5	1	9	5	0.44999999999999996	-7.5	-5	36	9
17	0.5	5	1	9	5	0.3	-5.0	5	37	9
45	0.5	5	1	9	5	0.44999999999999996	-4.5	-5	38	9
22	0.5	5	1	9	5	0.3	-7.0	-5	39	9
25	0.5	5	1	9	5	0.75	-5.5	-5	40	9
49	0.5	5	1	9	5	0.44999999999999996	-7.0	5	41	9
16	0.5	5	1	9	5	0.9	-5.5	5	42	9
46	0.5	5	1	9	5	0.6	-8.5	5	43	9
29	0.5	5	1	9	5	0.3	-8.0	5	44	9
4	0.5	5	1	9	5	0.6	-7.0	-5	45	9
63	0.5	5	1	9	5	0.6	-4.5	-5	46	9
66	0.5	5	1	9	5	0.44999999999999996	-7.5	5	47	9
58	0.5	5	1	9	5	0.75	-7.0	-5	48	9
13	0.5	5	1	9	5	0.75	-7.0	5	49	9
52	0.5	5	1	9	5	0.9	-5.5	5	50	9
59	0.5	5	1	9	5	0.3	-6.5	-5	51	9
20	0.5	5	1	9	5	0.44999999999999996	-8.0	-5	52	9
67	0.5	5	1	9	5	0.44999999999999996	-7.0	5	53	9
61	0.5	5	1	9	5	0.75	-5.5	-5	54	9
6	0.5	5	1	9	5	0.9	-6.0	-5	55	9
24	0.5	5	1	9	5	0.9	-6.0	-5	56	9
23	0.5	5	1	9	5	0.6	-6.5	-5	57	9
42	0.5	5	1	9	5	0.9	-6.0	-5	58	9
32	0.5	5	1	9	5	0.44999999999999996	-6.5	5	59	9
41	0.5	5	1	9	5	0.75	-6.5	-5	60	9
69	0.5	5	1	9	5	0.44999999999999996	-6.0	5	61	9
60	0.5	5	1	9	5	0.44999999999999996	-6.0	-5	62	9
54	0.5	5	1	9	5	0.75	-4.5	5	63	9
72	0.5	5	1	9	5	0.75	-4.5	5	64	9
30	0.5	5	1	9	5	0.6	-7.5	5	65	9
2	0.5	5	1	9	5	0.9	-8.0	-5	66	9
9	0.5	5	1	9	5	0.75	-4.5	-5	67	9
11	0.5	5	1	9	5	0.44999999999999996	-8.0	5	68	9
50	0.5	5	1	9	5	0.75	-6.5	5	69	9
70	0.5	5	1	9	5	0.6	-5.5	5	70	9
1	0.5	5	1	9	5	0.9	-8.5	-5	71	9
36	0.5	5	1	9	5	0.3	-4.5	5	72	9
