response	trial_nr	t_start	t_set	t_ball	t_release	t_response	t_goal	t_change	new_pos	correct
v	1	16.36341275599989	22.1489805300007	22.750116420000268	0	23.102419358001498	23.134846115000983	22.952419929000826	[-5]	1
n	2	24.865819370999816	77.3418254570006	77.94274301299993	0	78.21504014400125	78.33415382699968	78.31805674300085	[-5]	0
v	3	80.06512083300004	81.88472049600023	82.48542747200008	0	82.75108934400123	82.8661114030001	82.70033664000039	[5]	0
n	4	84.59714543299924	84.75643438500083	85.35736770599942	0	85.67110981000042	85.74854439199953	85.73235174600086	[5]	1
[]	5	87.4795548330003	88.42823862399928	89.02914640000017	0	0.0	89.4310560390004	89.41485541099973	[5]	na
[]	6	91.16207703500004	93.3653974709996	93.96626163700057	0	0.0	94.34617940700082	94.08008313299979	[-5]	na
n	7	96.07680475599955	97.5330424799995	98.1339544170005	0	98.3993828720013	98.51117620300101	98.24543261600047	[5]	1
n	8	100.24188306299948	101.25979008600007	101.8607184829998	0	102.14355591000094	102.26000931800081	102.24388911700044	[5]	1
v	9	103.99072643600084	105.46111347899932	106.06214371699934	0	106.26352863900138	106.45869777799999	106.44248547200004	[-5]	1
v	10	108.18971415099986	108.54825191000054	109.1490073799996	0	109.35971353100103	109.52432822400078	109.1494878350004	[5]	0
v	11	111.25541075100045	112.63639132199933	113.23721236200072	0	113.57564175000152	113.62308082600066	113.23769586100025	[-5]	1
n	12	115.35363966300065	115.62837796299937	116.2292595859999	0	116.51157600900115	116.60547090699947	116.22974381499989	[5]	1
v	13	118.33647183500034	118.89257849299975	119.49347272100022	0	119.76761432600142	119.87113085999954	119.80498669100052	[-5]	1
n	14	121.60211432100004	121.93213383200055	122.5328072960001	0	122.84771016300147	122.90351826900041	122.63777847299934	[5]	1
n	15	124.63430564600094	124.9640377630003	125.56495234400063	0	125.82371834900005	125.93588779200036	125.56543011500071	[5]	1
[]	16	127.66680039200037	128.21244328300054	128.81351384499976	0	0.0	129.18524152099963	129.01911197399932	[-5]	na
v	17	130.91600773400023	131.54145332100052	132.1421718849997	0	132.42382125300173	132.53381806300058	132.51769641700048	[-5]	1
v	18	134.26450206399932	135.0123119180007	135.61340339699927	0	135.61577047500032	135.99937918700016	135.61388183999952	[-5]	1
n	19	137.7301731970001	137.99689179599955	138.5978680549997	0	138.7119094710015	138.98176203399998	138.7990085370002	[5]	1
n	20	140.71290092699928	140.9331222969995	141.5338459150007	0	141.74399770200034	141.93084026799988	141.9146916289992	[5]	1
v	21	143.6615575930009	143.89236606300074	144.49301779000052	0	144.68802058500114	144.87993699599974	144.69829445700088	[5]	0
n	22	146.61084423099965	146.82913633700082	147.4301285900001	0	147.73605315400164	147.82904050199977	147.81290961100058	[5]	1
n	23	149.55974100999993	149.88524329900065	150.48602606399982	0	150.5841080600003	150.8780679190004	150.8618700829993	[-5]	0
v	24	152.6092963760002	152.7499267839994	153.350609471001	0	153.64814165200005	153.72715330400024	153.35109395200016	[-5]	1
n	25	155.45808950600076	155.68476385900067	156.28564972200002	0	156.52019238400135	156.65957995700046	156.39385096499973	[-5]	0
v	26	158.39057446900006	158.61310168899945	159.21408454099947	0	159.41622234400165	159.6086630310001	159.5925545049995	[5]	0
n	27	161.33957115299927	161.74067201400067	162.34129731900066	0	162.5922763310009	162.7243354479997	162.64157713500026	[5]	1
n	28	164.4555503089996	164.69266544899983	165.2931514690008	0	165.53632690400082	165.69004981800026	165.67390570799944	[-5]	0
v	29	167.42054818799988	167.6688331259993	168.26977944899954	0	168.5363841970011	168.6558036309998	168.27026400199975	[-5]	1
v	30	170.38659954899958	170.62177625100048	171.22268627700032	0	171.44842489700022	171.60488800699932	171.53883536800095	[5]	0
n	31	173.3360041979995	173.72493649900025	174.3257801130003	0	174.60050104600123	174.72058286100037	174.7044810820007	[5]	1
v	32	176.45110152800044	176.95696983199923	177.55786296500082	0	177.84849088300143	177.95293802800006	177.93677041400042	[-5]	1
v	33	179.68388964000042	179.94201319900094	180.54276238199964	0	180.83254471000146	180.91864899999928	180.6529024600004	[5]	0
n	34	182.64938061800058	182.92503626799953	183.5260051669993	0	183.75258745200153	183.90102359000048	183.83493185100087	[-5]	0
n	35	185.63196256899937	186.11697670600006	186.71795439400012	0	187.06464159900133	187.10000826800024	187.03424728199934	[-5]	0
v	36	188.8321421010005	189.08615384599943	189.68696421499953	0	189.9611011550005	190.06588081399968	189.80005343000084	[-5]	1
[]	37	191.79659312600052	192.07759318600074	192.67853750699942	0	0.0	193.0651873730003	192.67902112400043	[5]	na
n	38	194.79579946600097	195.99900775900096	196.59992043400052	0	196.92879683500178	196.9969234550008	196.9807531639999	[5]	1
n	39	198.72804303799967	199.42917122399922	200.03030052199938	0	200.31289952700172	200.41246598100042	200.1467872230005	[5]	1
n	40	202.1432632670003	202.38248922800085	202.98309748300017	0	203.2168900350007	203.37827571399976	203.36207130100047	[-5]	0
v	41	205.1094910259999	205.55878495599973	206.15968695899937	0	206.40093992300172	206.54392441600066	206.36155697899994	[5]	0
n	42	208.27509795100013	208.4935877930002	209.0945327770005	0	209.4410096290012	209.47633486700033	209.3105912129995	[-5]	0
v	43	211.2074635629997	213.74959400099942	214.35047030500027	0	214.68106338800135	214.74137270999927	214.72524890000022	[-5]	1
[]	44	216.47252745100013	216.72651207499985	217.32730219199948	0	0.0	217.70746625100037	217.6413966780001	[5]	na
n	45	219.43812197700026	220.37454815800083	220.97548003200063	0	221.345178683001	221.35721904599995	221.29018125900075	[5]	1
n	46	223.08734374400046	223.341694191	223.94266309200066	0	224.26523246000033	224.32166277999931	224.15597822100062	[-5]	0
v	47	226.05249793300027	226.49370789299974	227.0946655780008	0	227.4652916670002	227.47200354699999	227.20497326800069	[-5]	1
[]	48	229.20216308499948	229.5256853819992	230.12627189500017	0	0.0	230.5034527989992	230.43728909200036	[-5]	na
v	1	236.6792851320006	237.42214965200037	238.02291164800044	0	238.35345532200154	238.40063770400047	238.334804479	[-5]	1
v	2	240.13098084100056	240.76682303100097	241.36757368100007	0	241.68192864600132	241.76626068100086	241.75003658999958	[-5]	1
n	3	243.4962756700006	243.7271717700005	244.32811812799991	0	244.62553604200002	244.6986554239993	244.53287286200066	[-5]	0
v	4	246.4288773419994	246.6470986589993	247.2482028859995	0	247.56156807200023	247.63101765800093	247.34865736100073	[-5]	1
v	5	249.36143372100014	249.6620739860009	250.26302431600016	0	250.48160608700164	250.6634097820006	250.6472511510001	[5]	0
n	6	252.39353607799967	252.61399712300044	253.21473474100094	0	253.54595750800036	253.59580745499989	253.53003774399986	[5]	1
n	7	255.32651347799947	255.57417173000067	256.1750648119996	0	256.5457225120008	256.5782436490008	256.5633397729998	[-5]	0
v	8	258.3087191520008	258.6702300500001	259.2711148489998	0	259.57795721100047	259.6439221920009	259.4782477030003	[-5]	1
[]	9	261.37455332600075	261.65417929199975	262.255334812	0	0.0	262.626763485001	262.2558404369993	[5]	na
n	10	264.35701115399934	265.0622079200002	265.6633422020004	0	265.9538932070009	266.0419072219993	265.66384669000036	[5]	1
n	11	267.77218623500085	268.16685734599923	268.76777949499956	0	269.04989621500135	269.1576158560001	269.1415358049999	[5]	1
n	12	270.8882458629996	271.13450032900073	271.73541331100023	0	272.0499950750018	272.123345426	272.10723209999924	[-5]	0
v	13	273.85345825200056	274.20648326800074	274.80749088300036	0	275.1140071180016	275.1890531230001	274.80799589399976	[5]	0
n	14	276.91948014899936	277.16704813700017	277.76807629200084	0	278.06599845300116	278.1548324630003	277.97240017200056	[-5]	0
v	15	279.88500407100037	280.1348340940003	280.7360100770002	0	281.05015723400174	281.1205318930006	281.03809748300046	[-5]	1
v	16	282.85100002000036	283.1841860170007	283.78510322500006	0	284.13013202600087	284.1695650519996	284.0871279010007	[5]	0
n	17	285.900648756	286.30367655400005	286.90578378200007	0	287.2343799450009	287.3019882280005	287.2857506290002	[5]	1
n	18	289.03220743699967	289.68709108800067	290.28801790599937	0	290.57034117400144	290.68422077499963	290.6680913269993	[5]	1
n	19	292.41453142499995	292.8471103770007	293.4477437940004	0	293.77036717300143	293.8332140670009	293.55082594099986	[5]	1
[]	20	295.5635273379994	295.82364429600057	296.42445457100075	0	0.0	296.7993774730003	296.6331885510008	[5]	na
n	21	298.5293843920008	298.74352182800067	299.3444276450009	0	299.59444938900015	299.7313350629993	299.5490167150001	[5]	1
b	22	301.46182062499975	301.66337589700015	302.2643070369995	0	302.54731573700155	302.66376577399933	302.64760638900043	[-5]	
v	23	303.87718601100096	305.224421754001	305.82555682400016	0	306.13078141700134	306.2126467899998	306.19649103700067	[-5]	1
v	24	307.9430553050006	308.9040831279999	309.5046212439993	0	309.8425726360001	309.87829044200043	309.7124397210009	[5]	0
[]	25	311.60854210899925	311.93583155799934	312.5368442479994	0	0.0	312.9109469489995	312.6448390509995	[5]	na
n	26	314.64085977600007	314.91174983900055	315.5124073299994	0	315.82663029800096	315.90967604400066	315.8935096519999	[5]	1
v	27	317.6400609859993	317.9512473329996	318.5520677759996	0	318.88272080000024	318.925395698001	318.85950089200014	[-5]	1
n	28	320.6556468359995	320.92713367299984	321.52790226400066	0	321.826731389001	321.92443985799946	321.90821956199943	[5]	1
n	29	323.65497369900004	324.0158374370003	324.61681421200046	0	324.89110553000137	325.0067693359997	324.9908557409999	[5]	1
v	30	326.7370409840005	326.97625986300045	327.5771447320003	0	327.89082443000007	327.9558602590005	327.57762813800036	[5]	0
n	31	329.6865435969994	329.9512625690004	330.55227127299986	0	330.8508433780007	330.93821506399945	330.75584426500063	[-5]	0
v	32	332.6688411590003	332.9919331309993	333.59283583899924	0	333.9709265830006	333.97249125599956	333.5933188279996	[-5]	1
v	33	335.70098962200063	336.6877150750006	337.28865447499993	0	337.6030705450012	337.686130823	337.6700295369992	[-5]	1
[]	34	339.417118577001	339.99238572800095	340.59413884199967	0	0.0	340.98545493500023	340.96928372299953	[5]	na
n	35	342.7156832340006	344.55258602200047	345.1537549450004	0	345.42704283400053	345.5336942890008	345.46754330899967	[5]	1
n	36	347.2642584969999	347.5285072580009	348.1293486779996	0	348.43512960000044	348.51605891799954	348.2337541899997	[5]	1
v	37	350.2465767100002	350.54453811299936	351.1454327240008	0	351.46716280000146	351.53179570499924	351.2498258830001	[-5]	1
v	38	353.2625421449993	353.27940768400003	353.88006852000035	0	354.14754416800133	354.26430144200094	354.1814884289997	[5]	0
[]	39	355.995551987	356.2158593589993	356.8170294390002	0	0.0	357.197057925001	356.8175138709994	[-5]	na
v	40	358.9274910870008	359.4876553489994	360.08865839400096	0	360.4513263360004	360.47905610199996	360.4639914750005	[-5]	1
v	41	362.20950632399945	362.47168555200005	363.0728198649995	0	363.4033848710005	363.4447198329999	363.3789324469999	[-5]	1
n	42	365.17501375400025	365.4162989870001	366.0174678170006	0	366.3154012260002	366.4104610760005	366.39427838200027	[-5]	0
[]	43	368.14070456899935	368.4010860769995	369.0017397390002	0	0.0	369.37662248500055	369.0022223140004	[-5]	na
v	44	371.10666683899944	372.78387462499995	373.3848662090004	0	373.6995184290008	373.75817331300095	373.4924614619995	[-5]	1
n	45	375.4885834659999	375.7446188190006	376.3455362229997	0	376.64366003300165	376.7239123420004	376.45821692699974	[-5]	0
v	46	378.4546512809993	378.73594349499945	379.33743492599933	0	379.56371980400036	379.72291905900056	379.3379216329995	[-5]	1
n	47	381.4533779129997	381.8163806949997	382.4175913750005	0	382.64366971000163	382.78866952300086	382.6229031990006	[5]	1
[]	48	384.5190971150005	384.9531422359996	385.55368278400056	0	0.0	385.9380547559995	385.65528548600014	[5]	na
n	1	391.3129550169997	391.9681065320001	392.5691794680006	0	392.89979235900137	392.9521452370009	392.5696621900006	[5]	1
v	2	394.6825506940004	394.9529767010008	395.555339595001	0	395.90025065600094	395.9345323859998	395.7688685230005	[5]	0
n	3	397.6647765830003	398.0322303539997	398.6331822659995	0	398.9002168270017	399.0336243130005	399.01736222600084	[5]	1
n	4	400.76377136799965	401.6642871210006	402.2652820959993	0	402.5639993600016	402.64908444700086	402.3667114559994	[5]	1
[]	5	404.37944784200045	404.7613885970004	405.3622775679996	0	0.0	405.7485102850005	405.56571042500036	[5]	na
n	6	407.4784796799995	408.60222766100014	409.20311783500074	0	409.51614518000133	409.58030415199937	409.31452541	[5]	1
v	7	411.3108336010009	411.568877615	412.1695957659995	0	412.4521791240004	412.56266267700084	412.54649629100095	[-5]	1
n	8	414.29299969599924	414.63312270000097	415.2342452339999	0	415.50016724800116	415.6116908820004	415.4459430930001	[5]	1
n	9	417.3418829980001	417.7049566000005	418.3057493460001	0	418.54821603000164	418.6773975920005	418.6113533179996	[5]	1
n	10	420.4078714139996	421.04977746199984	421.65122594900095	0	421.8925706170012	422.02636076199997	421.96020282800055	[-5]	0
[]	11	423.7566226580002	424.3926534509992	424.99353232700014	0	0.0	425.375730533	424.99401644700083	[5]	na
n	12	427.10579056000097	427.59266431499964	428.193480766	0	428.4284371900012	428.5910630060007	428.5748538629996	[-5]	0
n	13	430.3213591999993	430.85678509900026	431.4573540599995	0	431.8284714850015	431.8412184640001	431.4578395110002	[5]	1
n	14	433.57018316200083	434.0736322190005	434.67452755500017	0	434.97252035900055	435.0723235910009	435.0561158500004	[-5]	0
v	15	436.80273294499966	437.3859987190008	437.986520683	0	438.3166087770005	438.3878853839997	438.3717190309999	[5]	0
n	16	440.1184841640006	440.4418020390003	441.04268569099986	0	441.3166047880004	441.420266956	441.2545231290005	[-5]	0
v	17	443.15077861899954	444.0658583839995	444.6668089070008	0	444.96461964300033	445.0526145679996	444.6673017760004	[5]	0
v	18	446.7828066689999	447.0576798940001	447.65881444499973	0	447.88499024000157	448.0348553269996	447.7691378950003	[-5]	1
n	19	449.76523362400076	450.04220927000097	450.6431458040006	0	450.88473969000006	451.033919417001	451.01775482000085	[-5]	0
[]	20	452.76428640999984	453.29742103699937	453.898132104001	0	0.0	454.2832661680004	454.2004677620007	[-5]	na
v	21	456.0134808260009	456.2817105670001	456.8829259890008	0	457.156811492001	457.28196483800093	457.26579250299983	[-5]	1
n	22	459.01378699199995	459.43326456999966	460.0341693390001	0	460.3170851300001	460.4309802980006	460.41481345899956	[5]	1
n	23	462.1616637970001	462.41781886600074	463.0184287789998	0	463.2288385010015	463.41340818699973	463.3972245519999	[5]	1
v	24	465.14396174600006	465.5052826760002	466.10621224900024	0	466.45295162300135	466.49577918400064	466.4795934499998	[5]	0
n	25	468.2263156450008	468.522063886001	469.12300164500084	0	469.45299876600075	469.5115081999993	469.49534610199953	[-5]	0
n	26	471.2418355989994	471.7938720559996	472.39494365099927	0	472.7010554380013	472.77711940799963	472.5113906389997	[5]	1
n	27	474.50750866400085	474.77825963299983	475.3788834469997	0	475.70109926900113	475.7595089789993	475.5937147509994	[-5]	0
n	28	477.4898276439999	477.67453664499953	478.2753327490009	0	478.60523469500004	478.6586361509999	478.4762046140004	[5]	1
n	29	480.3891296269994	481.002147661	481.6032299189992	0	481.8372389870001	481.97428547600066	481.7085391439996	[-5]	0
n	30	483.7045064089998	483.9856355310003	484.5866691650008	0	484.8132376020003	484.97330979400067	484.6909282529996	[5]	1
v	31	486.70365301200036	486.9616741610007	487.5626714049995	0	487.85329358700073	487.9556863859998	487.93951364500026	[5]	0
n	32	489.6861711220008	489.9380746730003	490.538724162001	0	490.8613706520009	490.9214464609995	490.83904246400016	[5]	1
n	33	492.65199729599954	492.8977166120003	493.4986694420004	0	493.7573783000007	493.87058764500034	493.6047817630006	[-5]	0
v	34	495.6008302659993	495.84217797199926	496.44318658299926	0	496.7734238440007	496.8362582669997	496.8201378920003	[-5]	1
[]	35	498.5669635430004	498.9949503030002	499.59584363499926	0	0.0	499.9689768970002	499.8028352090005	[-5]	na
v	36	501.6991486240004	501.93822647699926	502.53915972899995	0	502.773603560001	502.9176700040007	502.85151989599944	[-5]	1
v	37	504.64809972500007	504.8578950840001	505.45878459900086	0	505.7017890490006	505.83348967299935	505.45927504999963	[-5]	1
n	38	507.5637922450005	507.81799739599956	508.41875741900003	0	508.693601074001	508.7991808269999	508.7330077259994	[5]	1
v	39	510.52946229900044	510.74733575199934	511.3482993990001	0	511.71778210400043	511.7328542489995	511.54916377799964	[-5]	1
v	40	513.4621592290005	513.6583882150007	514.2593042619992	0	514.6140401410012	514.6306953019994	514.2598099810002	[-5]	1
n	41	516.3608164190009	516.7704440159996	517.3721137230004	0	517.5980272170018	517.7463439090006	517.680235373	[-5]	0
v	42	519.4766531540008	519.7072988229993	520.308217836	0	520.5098865710006	520.6954508130002	520.3087046630008	[-5]	1
n	43	522.4259623550006	522.6342670020003	523.2351197179996	0	523.478245196	523.6278813320005	523.6117413009997	[-5]	0
v	44	525.3584611379993	525.6504047369999	526.2515510079993	0	526.5499479560003	526.6268966349999	526.2520538389999	[-5]	1
n	45	528.3573226019998	528.5147763500008	529.1156979419993	0	529.3819328130012	529.5093527789995	529.4932038419993	[5]	1
n	46	531.2396558870005	531.3705204969992	531.9711206009997	0	532.2299799700013	532.3584625380008	532.3425843010009	[5]	1
v	47	534.0888893629999	534.4035907710004	535.004249136	0	535.2941041070007	535.3908052320003	535.3091907140006	[5]	0
n	48	537.121408432	537.379501808	537.9803950509995	0	538.2141256900013	538.3565847289992	538.0908715050009	[-5]	0
v	1	545.3470437779997	546.1709412290002	546.7719058679995	0	547.0142079440011	547.1705173329992	547.154389020001	[5]	0
n	2	548.9010049280005	549.2114255840006	549.8122948319997	0	550.070377121001	550.186262149	549.8127773920005	[5]	1
n	3	551.9164658490008	552.1160254349998	552.717092162	0	553.0143057220012	553.1019895530007	552.9195304139994	[5]	1
n	4	554.832781653	555.0347496159993	555.6356109949993	0	555.918219008001	556.0343769009996	556.0182635510009	[-5]	0
v	5	557.7649401670005	558.0986735820006	558.6997923010003	0	558.8864913460002	559.1000357430003	559.0839186100002	[-5]	1
n	6	560.8303978820004	561.0991365310001	561.699893682	0	561.9987795980014	562.0991185860003	562.0829555620003	[-5]	0
v	7	563.8295515160007	564.0832624039995	564.6841396479995	0	564.9026141890008	565.0815476600001	565.0653619589993	[5]	0
n	8	566.8116655480007	567.0593421850008	567.6604262460005	0	567.9346907130002	568.0639248869993	568.0478117630009	[-5]	0
v	9	569.794417432	570.0109841039994	570.6119184500003	0	570.8865846570006	570.9964138440009	570.9136118990009	[-5]	1
v	10	572.7267008180006	573.0120665119994	573.6127554260001	0	573.8949372940006	573.9954367520004	573.7130085690005	[5]	0
[]	11	575.7256524469994	575.7718416030002	576.3724632020003	0	0.0	576.7615942720004	576.7454315150007	[-5]	na
v	12	578.4915291470006	578.9553565759998	579.5562369849995	0	579.8227323290012	579.943515463001	579.55672185	[-5]	1
n	13	581.6740399299997	581.8921359659998	582.4928090159992	0	582.7507762570003	582.8759909979999	582.4932940159997	[5]	1
v	14	584.6060624170004	584.8283131280004	585.4291973809995	0	585.6468655780009	585.8083877980007	585.7422467830002	[-5]	1
v	15	587.5387883610001	587.7633896850002	588.3641204790001	0	588.7108893620007	588.7574702349993	588.741305087	[5]	0
n	16	590.4879689530007	590.7963853180008	591.3970258900008	0	591.6469096870005	591.7898628759995	591.7736635990004	[-5]	0
v	17	593.5202996349999	593.7474314730007	594.3485172910005	0	594.6392828610005	594.7222304320003	594.4565353870003	[-5]	1
v	18	596.4528803560006	596.4593442429996	597.0603027069992	0	597.294999142001	597.4380414570005	597.061215533	[-5]	1
n	19	599.1684274599993	599.3954228000002	599.99678967	0	600.2231106430008	600.3704537180001	600.2047115189998	[-5]	0
v	20	602.1011962449993	602.3089534339997	602.9100007510006	0	603.2555193930002	603.2862127650005	603.1204738399992	[5]	0
n	21	605.0167879470009	605.203887523001	605.8044432660008	0	606.0311352650006	606.1853230870001	606.0195555709997	[-5]	0
n	22	607.9158346889999	608.1557037399998	608.7566750290007	0	609.015233600001	609.1510646379993	609.1349101020005	[5]	1
v	23	610.8816243950005	611.1236944539996	611.724206369001	0	611.9432466810013	612.1001052329993	611.9343838080003	[5]	0
n	24	613.8309247310008	613.9636776650004	614.5644556940006	0	614.7912777000001	614.9492407359994	614.5653726180008	[-5]	0
v	25	616.6798857310005	616.9237097549994	617.5243724230004	0	617.7273489080017	617.8982602230008	617.6326051190008	[-5]	1
n	26	619.6285547690004	619.9973777430005	620.5983700060006	0	620.8153547430011	620.9806455479993	620.7149564800002	[-5]	0
[]	27	622.7113322690002	622.9800112079993	623.5811138919998	0	0.0	623.9634709180009	623.6973673720004	[5]	na
[]	28	625.6934247280005	625.9259417720004	626.5269120119992	0	0.0	626.9292535999994	626.9129896270006	[5]	na
n	29	628.658936414	628.9238853860006	629.5247912150007	0	629.7595274540017	629.9112185550002	629.8284109409997	[-5]	0
v	30	631.6414196850001	631.9330308429999	632.5338714959998	0	632.7915338890016	632.9102539039995	632.8442382989997	[5]	0
n	31	634.6405094889997	634.7244312969997	635.3253491070009	0	635.543593837001	635.7094098779999	635.6265760799997	[5]	1
n	32	637.439881925	637.6041021569999	638.2051577780003	0	638.4556660750004	638.5918330450004	638.4094763289995	[-5]	0
[]	33	640.3223907920001	640.5889679610009	641.1898412909995	0	0.0	641.5912695200004	641.5750715239992	[-5]	na
v	34	643.3213486839995	643.6128802940002	644.2136383270008	0	644.4957600800008	644.5900059630003	644.5238569690009	[-5]	1
n	35	646.3203898840002	646.5642198730002	647.1650881339992	0	647.5117953690005	647.5390386050003	647.4732428299994	[5]	1
v	36	649.2695827650005	649.524230559	650.1248807579996	0	650.4079250680006	650.5047925310009	650.1253659840004	[5]	0
n	37	652.2350512009998	652.5415179390002	653.1423630509998	0	653.3998905810004	653.520475116	653.2547612630005	[-5]	0
[]	38	655.250835629	655.5243137359994	656.1251938360001	0	0.0	656.5033134990008	656.2371685710004	[5]	na
n	39	658.2331751620004	658.854033773001	659.4549727609992	0	659.5760450320013	659.8518081330003	659.8357028390001	[5]	1
v	40	661.5819803909999	661.8127350859995	662.4135081149998	0	662.7280393370002	662.8009001289993	662.4139934720006	[-5]	1
n	41	664.5311605229999	664.7807772150009	665.381659273	0	665.6480877270005	665.7666755160008	665.5842772739998	[5]	1
v	42	667.4970027840009	667.652495190001	668.2535848570005	0	668.5041757880008	668.6490519689996	668.6328901630004	[-5]	1
n	43	670.3794461399993	670.668837872001	671.269782196001	0	671.5202126290005	671.6481496449996	671.382457316	[5]	1
n	44	673.3785983640009	673.6618199509994	674.2627725170005	0	674.4965184240009	674.6471972840009	674.5643862399993	[5]	1
n	45	676.3779973210003	676.5966124770002	677.1975612740007	0	677.5602671810011	677.579607267	677.1980475599994	[5]	1
v	46	679.3101209859997	679.5577033770005	680.1583596710007	0	680.3683387640012	680.5454115890007	680.3629415880005	[-5]	1
n	47	682.2758472959995	682.4374512579998	683.0383642369998	0	683.3203470890003	683.4278043249997	683.4116010430007	[5]	1
n	48	685.1581358000003	685.3174918929999	685.9182983219998	0	686.1604923290015	686.3102113940004	686.294058462001	[5]	1
n	1	692.3418839490005	693.0136957970008	693.6144697849995	0	693.8325233830001	694.0077950949999	693.9917022970003	[5]	1
v	2	695.7382917760006	695.8452661190004	696.4460748679994	0	696.7285668500008	696.8404959220006	696.8240895130002	[-5]	1
n	3	698.5706118960006	698.7659003230001	699.3667980299997	0	699.6086278120001	699.756030818	699.7398104269996	[-5]	0
n	4	701.4864621870001	701.7342238969995	702.3353601380004	0	702.5846551130016	702.7217241830003	702.5393369510002	[5]	1
n	5	704.4523381969993	704.7571304600006	705.3577092430005	0	705.6406859750005	705.7541000740002	705.7379628760009	[-5]	0
n	6	707.4841732929999	707.7340242280006	708.3351699760005	0	708.6087321920004	708.7199093679992	708.4374838410004	[-5]	0
v	7	710.4504447029994	711.0694908360001	711.6702353639994	0	711.9128092190003	712.0521457649993	711.670718845	[5]	0
n	8	713.783308899001	713.9658052729992	714.5664745640006	0	714.8171282880012	714.9679102890004	714.9519160780001	[-5]	0
v	9	716.6982910339993	716.8773735800005	717.4779397799994	0	717.7128887310009	717.8503608940009	717.7841982339996	[-5]	1
v	10	719.5809504230001	719.725785042001	720.3273176950006	0	720.6493002740008	720.6994308869998	720.5336840889995	[-5]	1
n	11	722.4299283279997	722.606371539001	723.2071589400002	0	723.4652881220009	723.5818493810002	723.4161435259994	[5]	1
v	12	725.3125487190009	725.3653898489993	725.9664822449995	0	726.2170870450009	726.347706210001	726.2814887059994	[5]	0
n	13	728.0782304090008	728.1894329669994	728.7904376860006	0	729.0331758890006	729.1634340370001	728.9977598820005	[5]	1
n	14	730.893692433001	731.1747099050008	731.7760392500004	0	731.9931210560007	732.1625784429998	731.9801042439994	[-5]	0
n	15	733.8927275440001	734.1024597550004	734.7032133030007	0	734.8731668730015	735.0783316319994	735.0122068370001	[5]	1
n	16	736.8086319859995	737.0940612649993	737.6950774640009	0	737.9212233050002	738.0773586169998	737.6955632949994	[-5]	0
n	17	739.8077449640004	740.0697715999995	740.6709087760009	0	740.8812592620015	741.0430945190001	740.9769179440009	[-5]	0
n	18	742.7737441280005	743.046537780001	743.6476888399993	0	743.8813028190016	744.0255154280003	743.7597691850006	[-5]	0
[]	19	745.7562775280003	745.9428851840003	746.5434654809997	0	0.0	746.9249362289993	746.7588326519999	[-5]	na
v	20	748.6550027859994	748.8778897899992	749.478512009	0	749.6895858800017	749.8736391010007	749.8575149820008	[5]	0
n	21	751.6038480620009	751.8305281110006	752.4311836100005	0	752.6974414320011	752.8227080289998	752.8069711150001	[-5]	0
v	22	754.5530033209998	754.918090567	755.5191991310003	0	755.8175151100004	755.9051115940001	755.8234464430006	[5]	0
n	23	757.6354333439995	757.9020383820007	758.5029090440003	0	758.8016146500013	758.904134933	758.8879739599997	[5]	1
n	24	760.634342921001	761.0794368349998	761.680494147	0	761.9859072280015	762.0531743160009	761.9882392189993	[5]	1
v	25	763.7835739149996	763.9580010200007	764.5590954250001	0	764.881635529	764.9356097929995	764.5600285670007	[-5]	1
n	26	766.6660622950003	766.9512477959997	767.5518566829996	0	767.8577740810015	767.9513225390001	767.9351397080009	[5]	1
n	27	769.681808532001	769.8623123090001	770.4634301700007	0	770.6977409940009	770.8504644919994	770.5680685040006	[5]	1
n	28	772.5810385420009	772.8791180900007	773.4800241489993	0	773.7940045780015	773.882846251001	773.8666033930003	[5]	1
n	29	775.6133463210008	775.9262673150006	776.5274677590005	0	776.7698466540005	776.9152300749993	776.8990183450005	[-5]	0
v	30	778.6454699330006	778.8553958030006	779.4561136800003	0	779.6818596930007	779.8475795630002	779.8314480000008	[-5]	1
n	31	781.5779337599997	781.6223309470006	782.223476268	0	782.4578994480016	782.5967228659993	782.5305708319993	[-5]	0
v	32	784.3271294320002	784.614685165001	785.2156213519993	0	785.4100142380012	785.5957963050005	785.4297086419992	[5]	0
n	33	787.3260555920006	787.6386503049998	788.2395739660005	0	788.4421091950007	788.6114790480005	788.240079004001	[-5]	0
v	34	790.3416357650003	790.742420609	791.3433217149995	0	791.5700541430015	791.7438649420001	791.7277426719993	[-5]	1
n	35	793.4739516310001	793.7425687279992	794.3435430869995	0	794.6020833080001	794.7429237329998	794.7268182530006	[5]	1
n	36	796.4733218990004	796.6546968460007	797.2555927579997	0	797.4901554710013	797.642051279001	797.3596494859994	[-5]	0
v	37	799.3728645699994	799.5280200430007	800.1287190010007	0	800.2981971750014	800.5077696049993	800.1292039069995	[5]	0
n	38	802.2381434929994	802.4227854100009	803.0238991839997	0	803.2662661720005	803.4235198730003	803.4073636890007	[5]	1
v	39	805.154406392001	805.4068285390003	806.0077267279994	0	806.2982656170007	806.3892585520007	806.008219153	[-5]	1
n	40	808.1198985739993	808.3032049320009	808.9041731680009	0	809.1304248080014	809.288359133001	808.9051317770009	[5]	1
n	41	811.0189312540006	811.3042434409999	811.9054436549995	0	812.1708397830007	812.2874670029996	812.0217610479995	[5]	1
v	42	814.01770502	814.0637681129992	814.6647716900006	0	814.9144172640008	815.0366071099997	814.8708041669997	[-5]	1
n	43	816.7673729649996	816.9519208660004	817.5538020210006	0	817.7864968320009	817.9356734320008	817.6699919580005	[5]	1
n	44	819.6660341959996	819.9198152530007	820.5207232880002	0	820.7385290820002	820.901478791	820.5212084579998	[5]	1
n	45	822.632138424	822.974984601	823.5755303229998	0	823.8906012120005	823.9504560910009	823.8846925880007	[-5]	0
[]	46	825.6809087040001	825.7521572299993	826.3530673650002	0	0.0	826.733283601001	826.467178592	[5]	na
n	47	828.4635689980005	828.688387956001	829.2889782210004	0	829.5467460280015	829.6653767660009	829.3995948709999	[-5]	0
v	48	831.3956452069997	831.6311146860007	832.2324154109992	0	832.3707586780001	832.6310521169999	832.6149017749995	[5]	0
n	1	838.5279431010003	839.1195691680005	839.720598883001	0	839.9953587610016	840.1121080030007	840.0959410520009	[5]	1
n	2	841.8423183470004	841.8883903620008	842.4893855589999	0	842.7309962810014	842.8778585189993	842.8617317600001	[5]	1
v	3	844.6082828790004	844.7114256559998	845.312595581001	0	845.4909152670007	845.6936116449997	845.4280572669995	[5]	0
n	4	847.4239626420003	847.5274192020006	848.1284014939993	0	848.3949925810011	848.5094370210008	848.3436839000005	[-5]	0
v	5	850.2397746999995	850.4643143280009	851.0653506029994	0	851.2510825000008	851.4585040029997	851.4423080430006	[-5]	1
n	6	853.188939175001	853.4075232499999	854.0082587460001	0	854.2511132300006	854.3910126329993	854.1086552050001	[5]	1
n	7	856.1215722409997	856.1913393270006	856.7921166939996	0	857.0511629340017	857.1900205870006	857.1738812830008	[5]	1
n	8	858.9202483089994	858.9356143269997	859.5368107159993	0	859.7715634170017	859.9225424699998	859.7400904139995	[5]	1
v	9	861.6529272339994	861.6636137749992	862.2644267380001	0	862.4753038540002	862.638365621	862.3725959290005	[-5]	1
v	10	864.368768327	864.5198150209999	865.1209478950004	0	865.3952017870015	865.5040947710004	865.3216671619994	[5]	0
n	11	867.2346513880002	867.4402969469993	868.0410833620008	0	868.2832595620002	868.419827740001	868.1540988260003	[5]	1
n	12	870.1505706660009	870.2323088230005	870.833101659	0	871.1153796030012	871.2192509289998	870.9370764199994	[-5]	0
v	13	872.949352783	873.0477793099999	873.6486779980005	0	873.9233616350011	874.0514143880009	874.0358144309994	[-5]	1
v	14	875.7820775359996	875.9205355049999	876.5215767120008	0	876.8837575920006	876.9005460530007	876.5220624190006	[-5]	1
v	15	878.6310487520004	878.9121792610003	879.5131455459996	0	879.8274732030004	879.8995743369996	879.8171375149996	[-5]	1
v	16	881.6303080800008	881.7203902340007	882.3215387590008	0	882.5635046750012	882.6986862569993	882.3220246920009	[-5]	1
v	17	884.4293240829993	884.5528418150006	885.1540266920001	0	885.4995729340008	885.5311250430004	885.1552650800004	[-5]	1
n	18	887.2614645770009	887.3202053210007	887.9209926950007	0	888.2116108750015	888.2969555649997	888.2308522950007	[5]	1
v	19	890.027811598	890.0885363920006	890.6896159900007	0	890.9476429960014	891.0627442900004	890.9967679689998	[-5]	1
v	20	892.7931368360005	893.0640744859993	893.6652283980002	0	893.9796825580015	894.0618128299993	894.0456579599995	[5]	0
v	21	895.7920006490003	896.0163482219996	896.6169285659998	0	896.8440857290007	896.9942359590004	896.61741119	[5]	0
n	22	898.7245890880004	898.9281600270006	899.529187442	0	899.8037956890003	899.910006170001	899.529675314001	[5]	1
v	23	901.640199685	901.8962588100003	902.4971956539994	0	902.7799140940006	902.8925516990003	902.8762812080004	[5]	0
n	24	904.622754811	904.9290127549993	905.5299135940004	0	905.7798826320013	905.9247719400009	905.908592146001	[-5]	0
n	25	907.6551252299996	907.9131627820007	908.5139968950007	0	908.8600411080006	908.8904849909995	908.5144830640002	[5]	1
v	26	910.6208316550001	911.0972408329999	911.6983926180001	0	911.9320066030014	912.0728781260004	911.9070959510009	[5]	0
n	27	913.8030834780002	914.0005434340001	914.6010248820003	0	914.8680297660012	914.9885968889994	914.9724257399994	[5]	1
n	28	916.7189256460006	916.9604549070009	917.5613833280004	0	917.7960769330002	917.937672344	917.771920399	[-5]	0
v	29	919.6681791970004	919.8968760280004	920.4978230979996	0	920.7641176330017	920.8701139679997	920.8040060130006	[-5]	1
v	30	922.6004914900004	922.7053504510004	923.3058438139997	0	923.5641668510016	923.6860868830008	923.4201657569993	[5]	0
v	31	925.4162961929997	925.617637835001	926.2185655939993	0	926.4684362440003	926.6016244509992	926.5188856380009	[5]	0
n	32	928.332011763001	928.7937348689993	929.3941971959994	0	929.7082928930013	929.783949359	929.7677933129999	[5]	1
n	33	931.5143422710007	931.808640874	932.4096323939993	0	932.6523645830002	932.7830107459995	932.517297239001	[-5]	0
v	34	934.5133795689999	934.7609681899994	935.3616152579998	0	935.7243289230009	935.7333489680004	935.5664501720003	[-5]	1
n	35	937.4627891159998	937.6978273770001	938.2988345039994	0	938.6044292320003	938.6812001720009	938.6162130419998	[5]	1
v	36	940.4114251430001	940.6570732010005	941.2581079150004	0	941.5647040390013	941.6302468529993	941.5646876810006	[-5]	1
n	37	943.3607929179998	943.4971972790008	944.0983516769993	0	944.35648416	944.4793524029992	944.3136645920004	[-5]	0
v	38	946.2099876020002	946.3464108770004	946.9473570959999	0	947.1725805640017	947.3451335959999	947.329013994	[-5]	1
v	39	949.0758191999994	949.5541106410001	950.1545973369994	0	950.4045814850015	950.5441343950006	950.5279822850007	[-5]	1
n	40	952.2745673850004	952.4821107410007	953.0832672640008	0	953.388628054001	953.4765470809998	953.4603455790002	[-5]	0
v	41	955.207018137	955.4502888759998	956.0511832049997	0	956.3089828040011	956.4256526520003	956.3595031130008	[5]	0
n	42	958.1560776980004	958.3301675830007	958.9307594370002	0	959.1249033980002	959.3247571579996	959.3086278190003	[5]	1
v	43	961.0552646880005	961.1056865110004	961.7063186150008	0	961.9571390250003	962.0905071830002	961.8081540260009	[-5]	1
v	44	963.8207758839999	963.9531902880008	964.5542272559996	0	964.7891254920014	964.9396637320006	964.554722193001	[5]	0
n	45	966.6701547089997	966.9852347859996	967.5864149520003	0	967.8528713820015	967.9720124569994	967.5869004790002	[-5]	0
v	46	969.7026398859998	969.801236501	970.4024766879993	0	970.6288816610013	970.7877784819993	970.6053967909993	[5]	0
n	47	972.5184966279994	972.609112225	973.2097373350007	0	973.5409964940009	973.6035783059997	973.5875465110003	[-5]	0
v	48	975.3342680549995	975.5945581310007	976.1951342249995	0	976.3890478340018	976.585951037001	976.5698212610005	[-5]	1
v	1	982.6898631570002	983.4347321660007	984.0356835429993	0	984.285414674001	984.4334890110003	984.4174176390006	[-5]	1
v	2	986.1636463220002	986.3860807820001	986.9870906640008	0	987.2292077040001	987.3825920840009	987.3665099530008	[5]	0
v	3	989.1130687929999	989.346072372	989.9470552809998	0	990.2052277490002	990.3483404029994	990.3321315510002	[5]	0
n	4	992.0786697719996	992.4898908230007	993.0907433539996	0	993.3492715700013	993.4640160729996	993.198407453001	[5]	1
n	5	995.1944212430008	995.2101190190006	995.8110237950004	0	996.0773459810007	996.1965009640007	995.9142479469992	[-5]	0
v	6	997.9272707649998	998.1306918640003	998.7312117889996	0	998.949345209001	999.1122492970007	998.8465439570009	[-5]	1
n	7	1000.8433793460008	1001.1460205330004	1001.7469511800009	0	1002.0854538290005	1002.127995674	1002.0622786029999	[5]	1
n	8	1003.8584945309995	1004.1142788230009	1004.7153049450008	0	1004.8534904890003	1005.0937265819994	1004.927620249	[5]	1
v	9	1006.8240858589998	1007.0423592799998	1007.6432985789997	0	1007.8774753900016	1008.0427842009994	1008.0266315610006	[5]	0
n	10	1009.7728637500004	1009.7859573719998	1010.3867625490002	0	1010.6215373460018	1010.7585937650001	1010.5928543930004	[-5]	0
v	11	1012.489018313001	1012.690512991001	1013.2912626449997	0	1013.5255522140014	1013.6909885309997	1013.6748479510006	[5]	0
n	12	1015.4215743429995	1015.4991804340007	1016.0997371270005	0	1016.3097388430015	1016.4901223950001	1016.4740108339993	[-5]	0
v	13	1018.2204768480005	1018.2751066109995	1018.8760173589999	0	1019.0616411050014	1019.2725982409993	1019.2564698490005	[-5]	1
v	14	1021.0027926860002	1021.0663419100001	1021.6673214790007	0	1021.8059813960008	1022.0550586909994	1022.0388848130005	[5]	0
n	15	1023.7857048360001	1024.170102438	1024.7708107439994	0	1024.9818196200013	1025.1540952979994	1025.0713881299998	[-5]	0
v	16	1026.884471501	1027.0105468740003	1027.6114797640003	0	1027.8618609310015	1027.986570733001	1027.9204471850007	[-5]	1
v	17	1029.7172646750005	1029.8430049569997	1030.4438262469994	0	1030.6698487340018	1030.8190222640005	1030.4443141680003	[-5]	1
v	18	1032.549442128	1032.7383495880003	1033.339119483	0	1033.4218897220017	1033.7347704229996	1033.7185461160007	[-5]	1
v	19	1035.4651587579992	1035.6036114939998	1036.2046466869997	0	1036.437985562001	1036.583872104	1036.205132000001	[-5]	1
n	20	1038.3142829930002	1038.5144825240004	1039.1154008430003	0	1039.3260126540008	1039.499662919001	1039.116303531	[5]	1
n	21	1041.2300778999997	1041.4105925469994	1042.011085954	0	1042.3503912820015	1042.3820535930008	1042.2163134969996	[-5]	0
v	22	1044.1124977679992	1044.3476169709993	1044.9491288280005	0	1045.1180911750016	1045.3311029689994	1045.165144175	[5]	0
n	23	1047.0616992649993	1047.282541437	1047.8840945760003	0	1048.110177253	1048.2801946529999	1048.2641156459995	[5]	1
n	24	1050.010385226	1050.1469078009995	1050.747928015	0	1051.0541811330004	1051.145983841001	1051.1298169380007	[-5]	0
[]	25	1052.8762608380002	1053.1070903719992	1053.7081655620004	0	0.0	1054.0954251040002	1053.708657272	[5]	na
n	26	1055.8261197440006	1056.203676647001	1056.804625365001	0	1057.0945050730006	1057.177406621	1057.011678717001	[5]	1
n	27	1058.9077701379993	1059.1720501479995	1059.7726999740007	0	1060.0463227480013	1060.1431242079998	1059.8774393029998	[5]	1
n	28	1061.8734346729998	1062.0351219069998	1062.6363202060002	0	1062.8463756220008	1063.0089239030003	1062.9427720500007	[-5]	0
v	29	1064.7392097449992	1064.9954079239997	1065.5965087620007	0	1065.7984180860003	1065.9913074750002	1065.9751320710002	[-5]	1
n	30	1067.7213640280006	1067.7717630070001	1068.3728149510007	0	1068.6624624310007	1068.7571345720007	1068.4748150859996	[5]	1
v	31	1070.487493730001	1070.6595549230005	1071.2605932879997	0	1071.4865311900012	1071.639537227	1071.573475743	[5]	0
v	32	1073.3701711529993	1073.531549493	1074.1324222389994	0	1074.4465226390002	1074.5053256379997	1074.1333579900001	[-5]	1
n	33	1076.236117982	1076.4354050420006	1077.0365127240002	0	1077.2867070390002	1077.421100982001	1077.036994954	[5]	1
n	34	1079.151788270001	1079.3157629359994	1079.916694779	0	1080.1906460550017	1080.3202082330008	1080.304010975	[-5]	0
v	35	1082.0507922350007	1082.1640432519998	1082.7647237029996	0	1083.0786869360018	1083.1359585280006	1083.070140078	[5]	0
[]	36	1084.866319181001	1085.0278948550003	1085.6289720090008	0	0.0	1086.018762359001	1086.0025644769994	[5]	na
n	37	1087.7487816539997	1087.9879333160006	1088.5890227479995	0	1088.8067699910007	1088.9674064390001	1088.8017062479994	[-5]	0
v	38	1090.6974192590005	1090.7391807620006	1091.340292297	0	1091.5668945310008	1091.7166033680005	1091.3407816580002	[-5]	1
n	39	1093.4469715449995	1093.6525526160003	1094.2536112220005	0	1094.5109273920007	1094.6323472460008	1094.254518672	[5]	1
v	40	1096.3626461740005	1096.5640012540007	1097.16507818	0	1097.3989337920011	1097.5482837149993	1097.3656963329995	[-5]	1
n	41	1099.2785351099992	1099.3477045460004	1099.948487908001	0	1100.2070099410012	1100.3306124270002	1100.064847171001	[-5]	0
v	42	1102.0610803910004	1102.2521068250007	1102.8531045140007	0	1103.0792885800001	1103.2296927070001	1103.063975774001	[5]	0
n	43	1104.9600829459996	1105.3633955130008	1105.9644513950007	0	1106.1830621000008	1106.361984141	1106.345877572001	[5]	1
v	44	1108.0925286950005	1108.2437389770002	1108.8447596059996	0	1109.1114323330003	1109.244451853001	1109.2282620349997	[-5]	1
v	45	1110.9748523020007	1111.1490259519996	1111.7495805189992	0	1111.9831881930004	1112.1268888720006	1111.861155048	[-5]	1
n	46	1113.8570443669996	1114.0521955660006	1114.652940768001	0	1114.8871679400017	1115.026013222001	1114.9598404089993	[-5]	0
v	47	1116.7566352739996	1116.7964625259992	1117.3973453279996	0	1117.647230382001	1117.775144411	1117.7089328410002	[5]	0
n	48	1119.5054305190006	1119.635606887001	1120.2367007640005	0	1120.583294543001	1120.607554872	1120.3418254280004	[5]	1
n	1	1126.0042016070001	1126.6677098559994	1127.2686535520006	0	1127.5834035010012	1127.671992599	1127.6558432519996	[5]	1
n	2	1129.4021666429999	1129.7318079220004	1130.332699486	0	1130.5594924660018	1130.7043886459996	1130.638253874	[5]	1
v	3	1132.4351579369995	1132.588367585	1133.189359516	0	1133.3037118270004	1133.5868634439994	1133.5706189970006	[-5]	1
v	4	1135.3172821490007	1135.3802006210008	1135.981343476	0	1136.3518514070001	1136.354535036	1135.981828461001	[-5]	1
v	5	1138.0831356599992	1138.139958787	1138.7408629349993	0	1138.967897378001	1139.1351212829995	1139.1189079039996	[5]	0
n	6	1140.866054866001	1141.044371031001	1141.6452547320005	0	1141.895656273	1142.0341901379998	1142.0180211879997	[5]	1
v	7	1143.7657704770008	1143.8440545110006	1144.4452728489996	0	1144.7597370940002	1144.816679126001	1144.6508906149993	[-5]	1
v	8	1146.5470315069997	1146.5805339580002	1147.1815702029999	0	1147.5277296470013	1147.5824371079998	1147.5662602899993	[-5]	1
v	9	1149.3129247029992	1149.5001746809994	1150.1010966159993	0	1150.3597782330016	1150.4815687070004	1150.4153720659997	[5]	0
n	10	1152.2120894130003	1152.4530286520003	1153.0540055559995	0	1153.3278198010012	1153.4307750360003	1153.054491676001	[5]	1
v	11	1155.1609880689994	1155.2533805750008	1155.8544762630008	0	1156.0878649770002	1156.2297298459998	1155.8549617589997	[-5]	1
n	12	1157.960511055	1158.5248634729996	1159.125752598	0	1159.4719559040004	1159.5120369779997	1159.3296225579998	[5]	1
v	13	1161.2423854480003	1161.6524119999995	1162.2530666849998	0	1162.4879817660003	1162.6277612609993	1162.3619917830001	[-5]	1
n	14	1164.3580900100005	1164.5007549950005	1165.1018788420006	0	1165.3763382750003	1165.4768770619994	1165.2111239450005	[-5]	0
n	15	1167.2073812319995	1167.2933754759997	1167.894045598001	0	1168.1840627160018	1168.2926556040002	1168.2764678940002	[-5]	0
[]	16	1170.0232308409995	1170.149009275001	1170.750109431001	0	0.0	1171.1254519609993	1171.0592950940008	[5]	na
n	17	1172.8554140840006	1172.9164363620002	1173.5173669699998	0	1173.7765366450003	1173.9075787189995	1173.891429923	[5]	1
n	18	1175.6379677250006	1175.868842463	1176.469773881001	0	1176.7121873570013	1176.8566422000004	1176.4702578020006	[5]	1
n	19	1178.5882097869999	1178.7413145669998	1179.3423961869994	0	1179.608317229	1179.7224389349994	1179.4566569710005	[-5]	0
n	20	1181.4527701429997	1181.5094129030003	1182.1100557259997	0	1182.3282385380007	1182.4882019260003	1182.3224321020007	[-5]	0
v	21	1184.2185221229993	1184.2289456130002	1184.8298312259994	0	1185.0962955110008	1185.204001168	1184.8303214820007	[5]	0
v	22	1186.9348231479999	1187.2219802090003	1187.8229112709996	0	1188.160413212001	1188.2197090099999	1188.203546199	[-5]	1
n	23	1189.950145617	1190.124829294	1190.7254874949995	0	1191.0324239630008	1191.1187956060003	1191.1026402509997	[5]	1
n	24	1192.8491969850002	1193.0213332490002	1193.6223224330006	0	1193.9284498020006	1194.0012363309997	1193.8355566240007	[-5]	0
v	25	1195.7316990939999	1195.788907086	1196.3898242430005	0	1196.7605166080011	1196.7837377670003	1196.7687342789995	[-5]	1
n	26	1198.5142675890002	1198.6928545169994	1199.2936620710007	0	1199.6085553280009	1199.6661297980008	1199.2941477780005	[5]	1
v	27	1201.3964974539995	1201.60610361	1202.2070067519999	0	1202.5526917270017	1202.5818938680004	1202.4161473179993	[5]	0
n	28	1204.3125738649996	1204.3968554120001	1204.997835823	0	1205.216639661001	1205.3976759050001	1205.3815711709995	[5]	1
v	29	1207.1279244140005	1207.2936603859998	1207.8945785590004	0	1208.1847040830016	1208.2801031039999	1207.997783187	[-5]	1
n	30	1210.0107088950008	1210.229112635001	1210.8300579299994	0	1211.144966932001	1211.2291839589998	1211.2130828259997	[-5]	0
v	31	1212.9597990109996	1213.0938143330004	1213.6947705530001	0	1213.7687684070006	1214.0783562260003	1213.9954693540003	[-5]	1
v	32	1215.808702962	1216.0613160569992	1216.6620558560007	0	1216.8488164010014	1217.0440734820004	1216.9778708920003	[-5]	1
v	33	1218.7745496869993	1219.5493655129994	1220.1504100919992	0	1220.200859304001	1220.5262606529996	1220.4601251090007	[-5]	1
n	34	1222.2565703729997	1222.27757276	1222.8784668829994	0	1223.1450244380012	1223.2587196309996	1223.0930131179994	[5]	1
n	35	1224.9892075349999	1225.0542674749995	1225.6552578209994	0	1225.8969707240012	1226.0411946679997	1225.7592759510007	[5]	1
n	36	1227.7716450980006	1227.9101885420005	1228.5110898380008	0	1228.7530119750008	1228.9069993409994	1228.89094028	[5]	1
v	37	1230.6376256130006	1230.6857455499994	1231.2865096639998	0	1231.521069661001	1231.6727434639997	1231.5900094629997	[-5]	1
n	38	1233.4033613499996	1233.5100184429994	1234.1111223520002	0	1234.4091054400014	1234.4885654509999	1234.3228137570004	[-5]	0
v	39	1236.220234212	1236.2789251529994	1236.8802245320003	0	1237.0491434470005	1237.2543511830008	1236.8807103969993	[-5]	1
v	40	1238.984599851001	1239.2534881989995	1239.8543142590006	0	1240.0891983890015	1240.2367687759997	1239.9711027320009	[5]	0
n	41	1241.9682487739992	1242.4069473210002	1243.007457617001	0	1243.2492209950015	1243.402525806001	1243.3862519409995	[-5]	0
v	42	1245.1329845550008	1245.2544506850008	1245.855145251	0	1246.1213448540002	1246.251516198001	1246.2353934260009	[5]	0
n	43	1247.9827914950001	1248.2702528549999	1248.8712000600008	0	1249.0973307450004	1249.2506492110006	1249.0849966120004	[5]	1
[]	44	1250.981041901001	1251.006190573	1251.6071731020002	0	0.0	1251.9834800080007	1251.9173123239998	[5]	na
n	45	1253.7134923390004	1253.7977916060008	1254.3985992350008	0	1254.6015306480003	1254.7988898919994	1254.7827253220003	[-5]	0
v	46	1256.5293057979998	1256.6302018940005	1257.231335675	0	1257.4735155420003	1257.6146625990004	1257.2318414429992	[-5]	1
v	47	1259.3450789800008	1259.4143170099996	1260.0148670569997	0	1260.2655540150008	1260.397141675001	1260.1314114430006	[5]	0
[]	48	1262.127783594	1262.4552650900005	1263.056439733	0	0.0	1263.4299570980002	1263.163820060001	[5]	na
v	1	1269.2788073280008	1269.7990546389992	1270.4001158110004	0	1270.665751730001	1270.7772128430006	1270.4006016269996	[-5]	1
v	2	1272.5074944669996	1273.2149052559998	1273.8164878770003	0	1274.1137033560008	1274.209459482001	1274.1933824919997	[5]	0
n	3	1275.9400231679992	1275.9819364199993	1276.5825385030003	0	1276.8817736050005	1276.958628667	1276.6928886820006	[-5]	0
v	4	1278.6892525429994	1278.8715647959998	1279.4726965940008	0	1279.7778304980002	1279.874396092	1279.858449153	[-5]	1
v	5	1281.6058400990005	1281.6792840039998	1282.280289241	0	1282.4903489460012	1282.6568492700007	1282.4923220889996	[5]	0
n	6	1284.3871995379995	1284.3914602149998	1284.9925823180001	0	1285.217933760001	1285.3727116110003	1285.1069222719998	[5]	1
v	7	1287.1031627129996	1287.390608736001	1287.9919948360002	0	1288.322008250001	1288.3883865200005	1288.3722787370007	[5]	0
n	8	1290.1190204600007	1290.1904284280008	1290.7910500090002	0	1290.977999097	1291.1708006379995	1291.004753659001	[-5]	0
v	9	1292.9014278079994	1292.9915275929998	1293.5922318480007	0	1293.7705307840006	1293.9866128020003	1293.9704427119996	[-5]	1
v	10	1295.7178490730003	1295.7994042930004	1296.4002490849998	0	1296.6260963440018	1296.7857124750008	1296.7029335660009	[-5]	1
n	11	1298.5170371660006	1298.5988263250001	1299.1997873609998	0	1299.4261713160013	1299.5848875449992	1299.4025218429997	[-5]	0
v	12	1301.3160386960008	1301.3200514519995	1301.9207999320006	0	1302.1222492140005	1302.300657191001	1301.9212926759992	[5]	0
v	13	1304.0310339250009	1304.0958585019998	1304.6967681339993	0	1304.9782902750012	1305.0998160979998	1305.0837245740004	[5]	0
n	14	1306.8300897490008	1307.0630619210006	1307.6635630250003	0	1307.7382695390006	1308.0488746570009	1307.8660992610003	[5]	1
v	15	1309.779572759	1309.854889481001	1310.4554620489998	0	1310.6263147110003	1310.8479828529998	1310.8318482720006	[5]	0
n	16	1312.5786144880003	1312.6394124180006	1313.240016269001	0	1313.4824798200007	1313.6138477330005	1313.3480950289995	[5]	1
n	17	1315.3443997550003	1315.4225197550004	1316.0234324640005	0	1316.2504690390015	1316.3962833530004	1316.0239382239997	[5]	1
v	18	1318.1264182489995	1318.2229960019995	1318.8238645599995	0	1319.0104485800002	1319.2121854750003	1319.1958699019997	[-5]	1
n	19	1320.9423970080006	1321.0788253539995	1321.6795176609994	0	1321.8825485980014	1322.077856240001	1322.0616307170003	[5]	1
v	20	1323.8083978949999	1323.8629399780002	1324.463558468	0	1324.666596213001	1324.8437966670008	1324.678640356	[-5]	1
n	21	1326.5743215460006	1326.6707250300005	1327.271497490001	0	1327.4745816910017	1327.642753862001	1327.4782650680008	[5]	1
v	22	1329.3731384530001	1329.431747562001	1330.0322720109998	0	1330.2427401720015	1330.4085524860002	1330.3424958209998	[-5]	1
n	23	1332.1388883180007	1332.2632375190005	1332.8643245479998	0	1333.0988288040007	1333.2410366429995	1332.8648117249995	[-5]	0
v	24	1334.9715510990009	1335.1520446560007	1335.7530951629997	0	1336.0428388650016	1336.1401533549997	1336.0588846129995	[-5]	1
n	25	1337.870473211	1338.1433935349996	1338.7443253849997	0	1338.978896263001	1339.1225053310009	1338.9567195880009	[5]	1
v	26	1340.8530042130005	1341.0796828250004	1341.680608875	0	1341.9627837530006	1342.0715548890003	1342.0553872359997	[5]	0
n	27	1343.8022934759992	1343.9349857010002	1344.535951467	0	1344.7629357300011	1344.9373340130005	1344.921225868	[5]	1
v	28	1346.667456444	1346.8246844860005	1347.4255244489996	0	1347.6669089920015	1347.8031318030007	1347.53742402	[5]	0
n	29	1349.533520735	1349.5522858019995	1350.1532018529997	0	1350.4032027140001	1350.535613434	1350.2699658319998	[-5]	0
v	30	1352.2661272910009	1352.343723895001	1352.9448403789993	0	1353.218967230001	1353.3180211399995	1352.9453298000008	[-5]	1
n	31	1355.0484662399995	1355.1595485790003	1355.7604864389996	0	1356.0193523180005	1356.1338262070003	1356.0677601549996	[-5]	0
[]	32	1357.8643378119996	1357.9837118859996	1358.5847018639997	0	0.0	1358.966657074001	1358.585626518001	[5]	na
v	33	1360.6967836700005	1360.7848590180001	1361.3859094029995	0	1361.6351346280007	1361.7820507729994	1361.7658757469999	[-5]	1
v	34	1363.512338482	1363.6635710640003	1364.264579779001	0	1364.4752605390004	1364.647827285	1364.5650351799995	[5]	0
n	35	1366.3784822449998	1366.4959612740004	1367.0966659509995	0	1367.33118861	1367.4969511529998	1367.4807816049997	[-5]	0
n	36	1369.2279459279998	1369.3850636879997	1369.98568686	0	1370.2832749860008	1370.3626858980006	1369.9861759689993	[5]	1
n	37	1372.0931957779994	1372.1370761939997	1372.7377224230004	0	1372.9793371580017	1373.1285010829997	1373.1123540579993	[-5]	0
v	38	1374.858869398	1374.9117692290001	1375.5126974859995	0	1375.8435613280017	1375.8943354849998	1375.513183899	[-5]	1
v	39	1377.6251137130002	1377.7276817359998	1378.3286091730006	0	1378.5553828560005	1378.7100900919995	1378.544352498	[-5]	1
v	40	1380.4404943150003	1380.4886622089998	1381.0898694179996	0	1381.3874528680008	1381.492568107	1381.4763824349993	[5]	0
n	41	1383.2239908369993	1383.2556722789996	1383.8568034870004	0	1384.0994681310003	1384.2416798430004	1383.9593048290008	[-5]	0
v	42	1385.972178348	1386.1923774210009	1386.7934272670009	0	1387.0595326090006	1387.1741512370008	1386.9084352219998	[5]	0
n	43	1388.904783338001	1389.1839375159998	1389.784862642	0	1390.0435826440007	1390.1731635649994	1390.156982855	[-5]	0
n	44	1391.9035979759992	1392.2080305460004	1392.8090577570001	0	1393.0756809270006	1393.2055952259998	1393.1894629969993	[-5]	0
v	45	1394.9358376	1395.137303693	1395.7382371780004	0	1395.988034985001	1396.121357815	1395.8389290470004	[-5]	1
n	46	1397.8516526349995	1398.017289542	1398.6177639710004	0	1398.8997422510001	1399.0037760939995	1398.920974011	[5]	1
n	47	1400.7342434439997	1400.8159118509993	1401.4165706999993	0	1401.6758154370018	1401.8028752270002	1401.7201131700003	[5]	1
n	48	1403.5330930470009	1403.5441815289996	1404.1450779309998	0	1404.3798112040004	1404.5187317029995	1404.4525666520003	[5]	1
v	1	1410.656706316	1411.1602936769996	1411.7609942569998	0	1412.043998209001	1412.1496303589993	1412.133475105	[5]	0
n	2	1413.880130525	1414.0963528400007	1414.6969732079997	0	1414.940022013001	1415.082061006	1414.9992730350004	[-5]	0
v	3	1416.8125854209993	1417.0495557859995	1417.6503472170007	0	1417.8841224830012	1418.0311054609992	1417.8653919009994	[5]	0
v	4	1419.7615900300007	1419.8965088570003	1420.4974486249994	0	1420.8601331180016	1420.880233721	1420.4983818580004	[-5]	1
v	5	1422.610661756	1422.6168670770003	1423.2177552209996	0	1423.4681202420015	1423.6127117710002	1423.5968340170002	[5]	0
n	6	1425.343315043001	1425.4336347429999	1426.0346008239994	0	1426.2841996180014	1426.4118603620009	1426.1460991610002	[5]	1
n	7	1428.142633630001	1428.1698153020006	1428.7707300029997	0	1428.9882183470017	1429.1609556050007	1429.1452510079998	[-5]	0
v	8	1430.8916959069993	1431.0243563139993	1431.6253611600005	0	1431.884251212001	1432.0101031600007	1431.7277129590002	[-5]	1
n	9	1433.7407136370002	1433.8979108919993	1434.4988421880007	0	1434.700287779	1434.8925397250005	1434.8763203159997	[5]	1
n	10	1436.6230509689995	1436.849637319001	1437.4506706989996	0	1437.6763359040015	1437.8249368739998	1437.451157857	[5]	1
n	11	1439.5555644159995	1439.6730891200004	1440.274070071	0	1440.5484339160012	1440.6573923680007	1440.4749499240006	[-5]	0
n	12	1442.387830957001	1442.5934108700003	1443.1943713170003	0	1443.5569534300012	1443.574347144	1443.1948691859998	[5]	1
n	13	1445.304042793001	1445.4088059799997	1446.0099536460002	0	1446.196485589	1446.388918486	1446.1232591949993	[-5]	0
v	14	1448.119289241	1448.2411218439993	1448.8420268320006	0	1449.1005324240014	1449.221447199001	1448.8425277919996	[-5]	1
v	15	1450.951730375	1451.0418874900006	1451.642770542001	0	1452.0285817000004	1452.0384349840006	1452.0213254699993	[5]	0
n	16	1453.7679085420004	1454.0973963319993	1454.6980270530003	0	1454.9086278290015	1455.0695377789998	1454.9037939280006	[-5]	0
v	17	1456.8835836599992	1456.9780111180007	1457.5790283200004	0	1457.7727224120008	1457.9519717860003	1457.5795792459994	[-5]	1
n	18	1459.6825178020008	1459.7690872439998	1460.3700163089998	0	1460.6447137230007	1460.7510791460008	1460.4854351699996	[-5]	0
[]	19	1462.4816599299993	1462.6096862649993	1463.2106837970005	0	0.0	1463.5839181400006	1463.317801612	[5]	na
n	20	1465.3141213439994	1465.385431842	1465.9860567150008	0	1466.3167942590007	1466.3660036359997	1466.3002038649993	[-5]	0
n	21	1468.0964688519998	1468.289584055001	1468.890391596	0	1469.1969592720015	1469.265146656	1468.999478920001	[5]	1
n	22	1470.9954415320008	1471.0812407169997	1471.682358864	0	1471.8929848440002	1472.0642203160005	1471.8993484149996	[5]	1
n	23	1473.794807923001	1473.8094737249994	1474.4107236729997	0	1474.6449767410013	1474.8133762319994	1474.7972596500003	[-5]	0
v	24	1476.5437971259998	1476.6256249500002	1477.2265533589998	0	1477.4529819790005	1477.6291413569998	1477.6130957160003	[5]	0
n	25	1479.3594913590005	1479.4748988789997	1480.076696952001	0	1480.325008926	1480.4615948810006	1480.3787740299995	[5]	1
n	26	1482.1926504300009	1482.2343417209995	1482.835051649001	0	1483.037093447001	1483.2273730550005	1483.2112103519994	[-5]	0
n	27	1484.9584787469994	1485.3782390510005	1485.979287278	0	1486.2051282690009	1486.3764916220007	1486.360217546	[5]	1
v	28	1488.1068633230007	1488.1935902450005	1488.7944895330002	0	1488.8691709430004	1489.1755339129995	1489.1093723089998	[5]	0
n	29	1490.9062381160002	1491.017234373001	1491.61845525	0	1491.8452190520002	1491.9913084830005	1491.6189432579995	[5]	1
v	30	1493.7220353369994	1493.8269926819994	1494.4280711850006	0	1494.6532533680002	1494.8070694750004	1494.6413351800002	[-5]	1
n	31	1496.5376850690009	1496.8186742430007	1497.4195946	0	1497.6533076450014	1497.806154752001	1497.6237553249994	[-5]	0
v	32	1499.5367434060008	1500.5544956970007	1501.155233511001	0	1501.3413741940003	1501.555024845	1501.5388252400007	[-5]	1
v	33	1503.2855475739998	1503.4994676549995	1504.1003735880004	0	1504.333412766	1504.4873702780005	1504.4046091670007	[-5]	1
n	34	1506.2177472910007	1506.2910314029996	1506.892092899001	0	1507.1495165130018	1507.286531189	1507.2703309070002	[5]	1
v	35	1509.0172210950004	1509.1220428439992	1509.723078129	0	1509.9254992570004	1510.1022888940006	1510.0361580160006	[5]	0
n	36	1511.8330599439996	1511.9062032799993	1512.5070003319997	0	1512.7415157520009	1512.8847617430001	1512.8186014250005	[-5]	0
v	37	1514.6152644970007	1514.6592085039993	1515.2602727190006	0	1515.4775975850007	1515.6338938299996	1515.567776889	[5]	0
n	38	1517.3646582729998	1517.5619872770003	1518.1629196510003	0	1518.4456452040013	1518.5663767330007	1518.5501436649993	[5]	1
n	39	1520.2966799919996	1520.4901254340002	1521.09084273	0	1521.4137010980012	1521.4653996350007	1521.0913309709995	[5]	1
n	40	1523.1961401989993	1523.4269384830004	1524.0280107390008	0	1524.269750456	1524.4311279060003	1524.414981670001	[-5]	0
v	41	1526.1614601820002	1526.3229653950002	1526.9240058800005	0	1527.1817781650007	1527.313614621	1527.2973860109996	[-5]	1
n	42	1529.0440809289994	1529.1622495800002	1529.7640212280003	0	1530.0778131840016	1530.1460343470008	1529.8803105780007	[-5]	0
n	43	1531.8766090299996	1531.9710644290008	1532.5721664049997	0	1532.862348509001	1532.9617982239997	1532.9457184290004	[-5]	0
v	44	1534.6931144310001	1534.6991191140005	1535.300113227	0	1535.3498985400001	1535.6776213489993	1535.3006054529997	[-5]	1
v	45	1537.408159003	1537.5383334439994	1538.1393619190003	0	1538.3579433880004	1538.5267320290004	1538.3443316020002	[5]	0
n	46	1540.2572438490006	1540.4503994290008	1541.0509986720008	0	1541.2540117050012	1541.4258246690006	1541.2609016410006	[5]	1
n	47	1543.1564393099998	1543.171077473	1543.7720873529997	0	1544.078135957001	1544.175011364001	1544.1588715340004	[-5]	0
v	48	1545.9052826200004	1545.922962257	1546.5238922789995	0	1546.7341162960001	1546.9074462619992	1546.6251279259995	[5]	0
