response	trial_nr	t_start	t_set	t_ball	t_release	t_response	t_goal	t_change	rev_sign
n	1	26.59553545199924	2.7601094330002525	3.0716297160006434	0	0.19514383299974725	3.404155773000639	3.2383662360007293	['+']
v	2	31.73048990499956	0.2581806280004457	0.5691490560002421	0	0.13060062899967306	0.8516801519999717	0.5025079449997065	['+']
v	3	34.17961692099925	0.9275823500001934	1.235619811000106	0	0.24715587700029573	1.58533771600014	1.3023864050001066	['+']
n	4	37.29502937500001	0.22911358199962706	0.5360852529993281	0	0.10304461200030346	0.8685911879993	0.5694213679998938	['+']
n	5	39.89409111899931	0.30871185300020443	0.6194302809999499	0	0.10096407900073245	0.9519475890001559	0.719431436999912	['+']
n	6	42.57813356299994	0.2733514009996725	0.584508851999999	0	0.2435251299993979	0.9338660559997152	0.6179373059994759	['-']
v	7	45.04272273299921	0.20006320000084088	0.5191212370000358	0	0.14030391000051168	0.8516234560001976	0.6191156009999759	['-']
n	8	47.625153232999764	0.26671440999962215	0.5858401099994808	0	0.13913259099990682	0.9349739669996779	0.6192710010000155	['-']
v	9	50.090883933999976	0.07247204199939006	0.3859580869993806	0	0.2252668689998245	0.7184760449999885	0.5526268009998603	['-']
n	10	52.54028876499979	0.26263846999972884	0.5689889220002442	0	0.24895536899930448	0.9182331699994393	0.7023431939996954	['-']
v	11	54.989123413000016	0.27094009399934293	0.5860048959993946	0	0.12697503799972765	0.935189258999344	0.7202571259995239	['+']
v	12	57.45488921299966	0.21213175199955003	0.5194676999999501	0	0.26370599399979255	0.7869195350003793	0.452878764000161	['-']
n	13	59.97122586599926	0.13664595499994903	0.45228373000009015	0	0.3745278120004514	0.8020222240002113	0.5523368880003545	['-']
n	14	62.30339987199932	0.1807981750007457	0.5026668410000639	0	0.2879569030001221	0.7857516840003882	0.4360661650007387	['+']
v	15	64.68567168799927	0.17311998900004255	0.4862245439999242	0	0.11443730000064534	0.8354016600005707	0.5196141530004752	['+']
n	16	67.05186513199988	0.15992073199959123	0.469260476999807	0	0.26080919800006086	0.8184597949993986	0.535976610999569	['-']
v	17	69.4009884549996	0.025778076000278816	0.3360622970003533	0	0.14093686699925456	0.6852628309998181	0.4360749380002744	['+']
n	18	71.6167566209997	0.10719397499997285	0.41954678099955345	0	0.08989082400057669	0.7520391999996718	0.41957270199964114	['+']
n	19	74.09992799799966	0.27910514700033673	0.585595378999642	0	0.24861273399983475	0.9346670839995568	0.5856224460003432	['-']
n	20	76.56523835000007	0.0614752959991165	0.3694560879994242	0	0.35152476799976284	0.686047989999679	0.33610833499915316	['+']
v	21	78.81395695899937	0.17266368699984014	0.48657626700060064	0	0.3293408809995526	0.835749360000591	0.6532462559998748	['+']
v	22	81.18061833199954	0.1828450109996993	0.5024569810002504	0	0.40281268099988665	0.7855573140004708	0.43589928900019004	['-']
n	23	83.56275024499973	0.10504563999984384	0.41954415300006076	0	0.1677839750000203	0.7687580339998021	0.5862807490002524	['-']
v	24	85.86190891199931	0.22078817000056006	0.5362953789999665	0	0.29574633199990785	0.8368659920006394	0.5030018329998711	['-']
v	25	88.4285886079997	0.2709149800002706	0.5853619879999314	0	0.2641078269998616	0.9178769199997987	0.5853883419995327	['-']
n	26	91.07743549999941	0.30137041699981637	0.619020496000303	0	0.29340948600020056	0.9681249590003063	0.6856350810003278	['-']
v	27	93.57732223899984	0.09727462099999684	0.4182797049998044	0	0.17824414699953195	0.7675011629999062	0.41830542299976514	['+']
n	28	95.87546065499919	0.1283464260004621	0.43604548900020745	0	0.1103343290005796	0.7685712360007528	0.5027636130007522	['+']
v	29	98.37608578599975	0.24372696499995072	0.5512121760002628	0	0.2625256409992289	0.8504077340003278	0.5179182450001463	['-']
v	30	100.95750494599997	0.21421789699979854	0.5355907029997979	0	0.19278365599984681	0.8681441759999871	0.6689446239997778	['-']
n	31	103.55701264599975	0.10943556300026103	0.4187345139998797	0	0.3181100060000972	0.735112198999559	0.38536542000019836	['+']
v	32	105.85552323899992	0.12392293099946983	0.4362300849998064	0	0.0822099259994502	0.7851576859993656	0.568970153999544	['+']
n	1	143.27658263299963	1.574126002000412	1.885751376999906	0	0.1873196590004227	2.2344948970003315	1.918692172000192	['-']
v	2	147.04123729899948	0.26502508700014005	0.5865011519999825	0	0.145886297999823	0.9356957199997851	0.5865268730003663	['+']
v	3	149.50741711999945	0.2311590179997438	0.552872854999805	0	0.11335406299986062	0.8687179400003515	0.5195468319998326	['+']
n	4	151.93921700699957	0.3031015349997688	0.6202665990003879	0	0.13410344299973076	0.9694541480002954	0.7865327910003543	['-']
v	5	154.4387856129997	0.24389115200028755	0.5532047859996965	0	0.17363465300059033	0.8857704350002678	0.6198566499997469	['-']
v	6	157.05476487399937	0.5083703680002145	0.8196450860004916	0	0.1871999049999431	1.1687926539998443	0.9529493899999579	['+']
n	7	159.7542190539998	0.21653970900024433	0.5360560290000649	0	0.09942341399982979	0.8852003149995653	0.6375276029993984	['-']
v	8	162.1697504089998	0.09696830899974884	0.4030985170002168	0	0.1367440889998761	0.735584746999848	0.536428636999517	['-']
v	9	164.63586467599998	0.24812513699998817	0.5694736939994982	0	0.24849571499999001	0.8352989439999874	0.5027803019993371	['-']
n	10	167.20154540799922	0.2980797480004185	0.6195745930008343	0	0.1044750289993317	0.9353948080006376	0.5862125720004769	['-']
v	11	169.70015199699992	0.2861039310000706	0.6035939699995652	0	0.029835055000148714	0.952622254999369	0.6697487450001063	['+']
v	12	172.18263313699936	0.14754413399987243	0.4536261760003981	0	0.13735905500016088	0.7693799890002992	0.4202638590004426	['+']
n	13	174.51531898699977	0.1598643239994999	0.4700491490002605	0	0.14042686299944762	0.8192635569994309	0.47007564500017907	['-']
v	14	176.8651063949992	0.09721860500030743	0.40287040900057036	0	0.06578613799956656	0.7353621390002445	0.5024908909999795	['-']
v	15	179.33125109799948	0.3274412709997705	0.6358476840005096	0	0.22246397799972328	0.9684196610005529	0.6358754430002591	['-']
n	16	182.0299252979994	0.325506466000661	0.6362902730006681	0	0.17135393199987448	0.9021289480006089	0.5696892670002853	['+']
v	17	184.66252502399948	0.3084955900003479	0.6194431789999726	0	0.12358396400031779	0.9686237920004714	0.6861667080002007	['+']
v	18	187.16455790099917	0.18264342700058478	0.4999902410008872	0	0.3410335839998879	0.8506453380005041	0.6666933030001019	['+']
n	19	189.54343230199993	0.09888812000008329	0.42032740699960414	0	0.1697640969996428	0.7695232169999144	0.4537254169999869	['-']
v	20	191.84313740800008	0.35107560599954013	0.6697887709997303	0	0.07664414699956978	1.018969563999235	0.7032341259991881	['+']
n	21	194.3920006849994	0.210101993000535	0.5201530300000741	0	0.10949213500043697	0.8693564730001526	0.6531083589998161	['-']
v	22	196.79153112399945	0.13878632800060586	0.4531711340005131	0	0.12887714299995423	0.7357038099999045	0.38663546000043425	['+']
n	23	199.12477540300006	0.2696500689999084	0.585767281999324	0	0.13551974700021674	0.9182850379993397	0.6858334939997803	['+']
v	24	201.77374267100004	0.27735315099926083	0.5859457970000221	0	0.20586552399981883	0.8851262659991335	0.5526763429998027	['-']
v	25	204.38943056299922	0.3086974220004777	0.6193703270000697	0	0.2850739599998633	0.9518859760000851	0.6862460100001044	['-']
v	26	207.07178981699963	0.42632295600014913	0.736085352000373	0	0.1819074389995876	1.0852884169999015	0.9027715960000933	['+']
v	27	209.68710176700006	0.26725443199939036	0.5866383719994701	0	0.2598000759999195	0.9358376669997597	0.6200939939999444	['+']
n	28	212.15310298499935	0.03367007900033059	0.35323995300041133	0	0.1552064249999603	0.6857501570002569	0.4867110570003206	['+']
v	29	214.5699055319992	0.25626039400049194	0.5688639570007581	0	0.45877087299959385	0.918738532000134	0.7356357120006578	['-']
n	30	217.01769753600001	0.21816341999965516	0.5371153009991758	0	0.3068195830001059	0.8695062079996205	0.5371418389995597	['+']
v	31	219.61767332599993	0.17657838099967194	0.486242091999884	0	0.19773030799933622	0.7520399989998623	0.4195440369994685	['-']
v	32	222.10025280399987	0.2225115569999616	0.5360870320000686	0	0.15321396499984985	0.8853062409998529	0.6361664320002092	['+']
v	1	237.23548233099973	0.9907387060002293	1.3123021549999976	0	0.12185823700019682	1.6448061459996097	1.412302687999727	['-']
n	2	240.61098599699926	0.25654804700025124	0.5692759010007649	0	0.12137914699997054	0.918511899000805	0.6026174290000199	['-']
v	3	243.05946312099968	0.07174289900012809	0.3867684429997098	0	0.15155609700013883	0.7359089000001404	0.5200992319996658	['+']
v	4	245.32542825899964	0.2541515820003042	0.5699271729999964	0	0.08633868600009009	0.919139255999653	0.5699536169995554	['+']
n	5	247.77436906999992	0.24406077999992704	0.5535902860001443	0	0.2776834909991521	0.8860912359996291	0.5536161319996609	['+']
v	6	250.39074951299972	0.2275258859999667	0.5363184870002442	0	0.230515249999371	0.8855563569995866	0.702984681000089	['+']
v	7	252.8060384139999	0.18099404299937305	0.48693645899948024	0	0.14460896800028422	0.8360975119994691	0.5869606209998892	['+']
n	8	255.17228646799958	0.11104274300032557	0.4198925450000388	0	0.15748335199987196	0.7691026620004777	0.5532884920003198	['-']
v	9	257.47141822199956	0.2521512760004043	0.5700073389998579	0	0.1323487469999236	0.9191522450000775	0.7044391629997335	['+']
n	10	259.9205166059992	0.2982315440003731	0.6201760740004829	0	0.0890724089995274	0.952589517000888	0.6867745960007596	['+']
v	11	262.60331909199977	0.4469695560001128	0.7530168249995768	0	0.1612723950001964	1.085513004999484	0.8196660539997538	['-']
n	12	265.4194085299996	0.2548228499999823	0.5693748829999095	0	0.20079160499972204	0.9185582460004298	0.6027527380001629	['-']
v	13	267.8680496929992	0.270777611000085	0.5865678330001174	0	0.1991745510003966	0.9191587250006705	0.5865939040004378	['-']
v	14	270.51799270599986	0.1806290739996257	0.4858746969994172	0	0.08973610200064286	0.785050419000072	0.45250814100018033	['-']
v	15	273.03360056899965	0.27319786499992915	0.5860706679995928	0	0.15394776300036028	0.9351931350001905	0.6193798690001131	['+']
n	16	275.4987525769993	0.2961283660006302	0.6034379580005407	0	0.15143414499925711	0.919246746000681	0.5701399300005505	['-']
v	17	277.98165605599934	0.15757943600056024	0.46973674000037136	0	0.20225357599974814	0.8022259200006374	0.5697876069998529	['-']
v	18	280.5140910499995	0.32132894300048065	0.6364558760005821	0	0.08708888499950262	0.9189414170004966	0.5697826900004657	['+']
n	19	283.02961708099974	0.2374917050001386	0.55343459300002	0	0.1585791050001717	0.9026200329999483	0.7209616139998616	['-']
v	20	285.4623735839996	0.18905565499972	0.5032138739998118	0	0.18402308199983963	0.8192601540004034	0.46994541000003665	['+']
n	21	287.84423714999957	0.3261246060001213	0.6373472430004767	0	0.13226714599932166	0.9697166340001786	0.7038661180004055	['+']
n	22	290.5445940899999	0.26704798899936577	0.5859599299992624	0	0.139115908000349	0.9351764339999136	0.6526632029999746	['-']
v	23	293.009783816	0.30470212699947297	0.6200587139992422	0	0.10384180500022921	0.9025110169995969	0.5533472459992481	['+']
v	24	295.5088273809997	0.2543611740002234	0.5701282509999146	0	0.19070819199987454	0.9193183520001185	0.7368224229994667	['+']
n	25	297.9581166889993	0.31714210900008766	0.6366637400005857	0	0.1389334579998831	0.9858573580004304	0.770016217000375	['-']
v	26	300.4741137759993	0.24164906200076075	0.55322822800008	0	0.13842117600052006	0.9025628510007664	0.5866059370000585	['+']
n	27	302.906382143	0.11206668999966496	0.4202627569993638	0	0.15908190900063346	0.7027910589995372	0.3536016139996718	['-']
v	28	305.20576451099987	0.07797651199962274	0.386825214000055	0	0.26113185999929556	0.6540524490001189	0.3201997799997116	['-']
v	29	307.5886129969995	0.19770785899982002	0.5030894199999238	0	0.10600677999991603	0.8523042520000672	0.6030947979998018	['+']
v	30	309.97084416300004	0.2479445319995648	0.5535022789999857	0	0.16137007899942546	0.8859416579998651	0.5535305949997564	['-']
v	31	312.58749542699934	0.3029668240005776	0.6192145160002838	0	0.3359479279997686	0.9698391510000874	0.7858956010004476	['-']
v	32	315.28637495599924	0.2371458450006685	0.5528384330000335	0	0.13482694200047263	0.8686941800006025	0.519558359000257	['+']
n	1	321.41984379899986	0.5986480179999489	0.9172541759999149	0	0.14884537699981593	1.2497656859995914	1.0505807939998704	['+']
v	2	324.4001301769995	0.3546219449999626	0.6693982819997473	0	0.16026792299999215	1.0186277700004212	0.7028086020000046	['+']
n	3	326.9484129679995	0.26256485100020654	0.5703033370000412	0	0.0790614719999212	0.9194947070000126	0.7366382469999735	['-']
v	4	329.3978563289993	0.22059727900068538	0.5367585290005081	0	0.2952090290000342	0.8373789650004255	0.5034322179999435	['-']
v	5	331.9645269069997	0.2477721160003057	0.5692313279996597	0	0.1361153630004992	0.9184110739997777	0.7355177780000304	['+']
n	6	334.4132430989994	0.10124013499989815	0.4197548190004454	0	0.18097441499958222	0.7523230540000441	0.5864119470006699	['+']
v	7	336.8960258629995	0.17867377899983694	0.4862252470002204	0	0.11159582900017995	0.8186795350002285	0.5528476330000558	['-']
v	8	339.44545689699953	0.22901547899982688	0.535896067000067	0	0.21653274100026465	0.8850924520002081	0.5359225100000913	['+']
n	9	341.8606125339993	0.26241436899999826	0.5699863529998765	0	0.11955799700081116	0.8525019950002388	0.5033372770003552	['-']
v	10	344.3100225039998	0.28559207699981926	0.6031276499998057	0	0.12471595100032573	0.8856123429995932	0.5364563539997107	['+']
n	11	346.79227053199975	0.23540407099972072	0.5534132940001655	0	0.32421336799961864	0.902543555000193	0.6534331279999606	['-']
v	12	349.2248173759999	0.122072778999609	0.4367841329994917	0	0.1686725360004857	0.7525904750000336	0.4034229310000228	['+']
v	13	351.5420809849993	0.10933455700069317	0.4187604750004539	0	0.237075926000216	0.7179182870004297	0.38543515000037587	['-']
v	14	353.9905010579996	0.300396401999933	0.6194465779999518	0	0.1321710219999659	0.9519479259997752	0.6527935499998421	['-']
v	15	356.6729307179994	0.32315055100025347	0.6362886570004775	0	0.1927981169992563	0.968688893000035	0.702839708999818	['-']
v	16	359.37243475800005	0.4869175179992453	0.8023412599995936	0	0.11918383499960328	1.1516039339994677	0.8690754649996961	['+']
n	17	362.0542416389999	0.3403485600001659	0.6531054979996043	0	0.16261695000048348	0.9856399149994104	0.7530692709997311	['+']
v	18	364.77030164499956	6.8724811089996365	7.184019921999607	0	0.14769959900058893	7.516579273000389	7.18404546399961	['-']
v	19	374.01719659599985	0.3464953559996502	0.6529138169998987	0	0.11991735599985986	0.9854803429998356	0.787281093999809	['-']
v	20	376.7329690919996	0.38269422099983785	0.7028966119996767	0	0.25818028600042453	1.0354323949995887	0.8029989220003699	['-']
v	21	379.4989111299992	0.2560068239999964	0.5694413470000654	0	0.11369720200036681	0.9186029740003505	0.6028398930002368	['+']
n	22	381.94770733399946	0.10301868900023692	0.41998435000004974	0	0.1423633169997629	0.7524359050003113	0.42001107600026444	['+']
v	23	384.43062507099967	0.3567415159996017	0.6694167659998129	0	0.3220236110000769	1.0034450590001143	0.6694427769998583	['-']
v	24	387.1632474499993	0.2961258650002492	0.6026597620002576	0	0.15218599299987545	0.8687605620007162	0.536000019000312	['-']
v	25	389.7622577389993	0.32154419900052744	0.6362250390002373	0	0.1276568760004011	0.9854001849998895	0.7703121800004737	['+']
n	26	392.277505559	0.2613089779997608	0.570144607999282	0	0.15074885400008498	0.8359869269997944	0.5034506499996496	['+']
v	27	394.8437255149993	0.19969294400016224	0.5196917900002518	0	0.3227544270002909	0.8536478900005022	0.6864000830000805	['-']
v	28	397.4273511249994	0.20840001699980348	0.5186497220001911	0	0.02814719799971499	0.8344506769999498	0.48523830600061046	['+']
n	29	399.82509202099936	0.04215536100036843	0.3534005569999863	0	0.16366351600026974	0.702593644999979	0.4867761690002226	['-']
v	30	402.057752615	0.15360628599955817	0.4699918339993019	0	0.1344076760005919	0.8025301959996796	0.5033608999992794	['-']
v	31	404.5907163689999	0.2840799999994488	0.6029160349999074	0	0.23648589099957462	0.9520249609995517	0.669542513000124	['+']
n	32	407.0740728819992	0.28154325100058486	0.6020780349999768	0	0.4020684450006229	0.9518032220003079	0.7021705680008381	['+']
v	1	414.03592548100005	1.0155452469998636	1.3210055679992365	0	0.1773808280004232	1.6701991109994196	1.3877269019994856	['+']
n	2	417.2362543979998	0.25618177999967884	0.5699180999999953	0	0.10408920800000487	0.9191442900000766	0.6366270139997141	['-']
v	3	419.68503657699966	0.12618135100001382	0.4370347229996696	0	0.13236849500026437	0.7862635060000684	0.537051739999697	['+']
v	4	422.00135414099987	0.22559166599967284	0.5366384429999016	0	0.18834529099967767	0.8358021209996878	0.5032966079998005	['-']
v	5	424.5678987499996	0.19537024900000688	0.5025804369997786	0	0.13582494399997813	0.8184392160001153	0.4692661979997865	['+']
n	6	426.94990210800006	0.3091113399996175	0.6197439719999238	0	0.15669304099992587	0.9522747499995603	0.6531407839993335	['+']
v	7	429.6327098059992	0.29830172400033916	0.6194688590003352	0	0.1941673430001174	0.8853102700004456	0.552814306000073	['-']
v	8	432.2481615429997	0.16388272099993628	0.4698538639995604	0	0.12046595900028478	0.8190326599997206	0.636166659999617	['+']
v	9	434.5972976129997	0.11789590700027475	0.4366327569996429	0	0.15651261499988323	0.7691508750003777	0.5366467129997545	['-']
v	10	437.09695206499964	0.05910759899961704	0.36960479200024565	0	0.13209680499949172	0.6354648569995334	0.302891407000061	['-']
v	11	439.46315334799965	0.21207331599998724	0.5192439100001138	0	0.09613214899945888	0.8684362069998315	0.5192715639996095	['+']
n	12	441.86143900999923	0.2940882020002391	0.6034556200002044	0	0.0695941900003163	0.9359680690004097	0.7030863390000377	['+']
v	13	444.5279225459999	0.04426483199949871	0.352854976999879	0	0.29366478900010407	0.7020260189992769	0.4195060669999293	['+']
n	14	446.76030383499983	0.23522665800010145	0.5530197569996744	0	0.17318217499996535	0.9021794800000862	0.5530461779999314	['-']
v	15	449.1924474839998	0.18701496199992107	0.503406380999877	0	0.10279549400001997	0.8359528209994096	0.6697286099997655	['-']
v	16	451.75906681299966	0.3084784060001766	0.6193108859997665	0	0.13224275599986868	0.91848839100021	0.5859893469996678	['-']
v	17	454.40791862199967	0.32323146799990354	0.6362269589999414	0	0.09037197599991487	0.9688077669998165	0.8025565400002961	['-']
n	18	457.1066665219996	0.24155958099981945	0.5532945209997706	0	0.21066416099984053	0.9025091229996178	0.5867364859996087	['-']
v	19	459.5388714169994	0.04029492800054868	0.353728052000406	0	0.26605308599937416	0.6862394409999979	0.4203954849999718	['-']
v	20	461.95559403900006	0.2397487079997518	0.5528252919993975	0	0.10616261399991345	0.902017980999517	0.5861800349994155	['+']
n	21	464.3874182109994	0.2478422390004198	0.5535552330002247	0	0.0976251020001655	0.8860806530001355	0.6865747179999744	['+']
v	22	467.00472822699976	0.3591399939996336	0.6686966420002136	0	0.10115425999993022	1.0178904599997622	0.6687228979999418	['+']
v	23	469.5527083429997	0.29067054000006465	0.6038146609998876	0	0.3221056149996002	0.937224067999523	0.6038431719998698	['-']
v	24	472.219141392	0.19347666899921023	0.5026691029997892	0	0.08484223399955226	0.8518426659993565	0.668995458999234	['+']
n	25	474.60124642899973	0.2500550429995201	0.5698035249997702	0	0.3159847249999075	0.918989216999762	0.7035733579996304	['-']
v	26	477.0501488179998	0.14513565699962783	0.4535222069998781	0	0.47897366199958924	0.8032093359997816	0.5868208159999995	['-']
v	27	479.3830449319994	0.32531872400068096	0.6365188380004838	0	0.12319521700010228	0.9190472760001285	0.5698489719998179	['+']
n	28	481.89919868499965	0.24834329500026797	0.5694813039999644	0	0.13813950599978853	0.9187171359999411	0.6695120690001204	['-']
v	29	484.3479394829992	0.2564029910008685	0.5700100510002812	0	0.14470426800016867	0.8524985320000269	0.5033964379999816	['+']
v	30	486.7970392469997	0.2545612940002684	0.5701068019998274	0	0.27956290200017975	0.9192508549995182	0.7033899699999893	['+']
n	31	489.2462887489992	0.18917810900074983	0.5033641270001681	0	0.10519843200017931	0.8526007300006313	0.5368069180003658	['-']
v	32	491.6291400809996	0.09438450600009674	0.4031860790000792	0	0.1744791270002679	0.7190142019999257	0.3698538400003599	['+']
n	1	533.9812051189992	0.9111018420007895	1.2206568150004387	0	0.21327168199968582	1.4864552540002478	1.1539261030002308	['+']
n	2	537.1982313999997	0.6616093539996655	0.9692713309996179	0	0.36770537700067507	1.319069854999725	1.0360165470001448	['+']
n	3	540.0467228569996	0.3424369289996321	0.6533040410004105	0	0.17919774299934943	1.0025078759999815	0.6533308569996734	['-']
v	4	542.5799308109999	0.2730970869997691	0.5859757549997084	0	0.0655248439998104	0.9185110829994301	0.7189287279998098	['-']
n	5	545.2287579029999	0.3842951400001766	0.7029246669999338	0	0.21966869900006714	1.002133068999683	0.669622444000197	['+']
v	6	547.9614604389999	0.08247090199984086	0.4028047349993358	0	0.2270324260007328	0.6686599879994901	0.3361661199996888	['-']
v	7	550.3607100039999	0.26043455799936055	0.5693738829995709	0	0.06968238599984033	0.901892928000052	0.6361179730001822	['-']
v	8	552.9927412799998	0.2122842099997797	0.5199426459994356	0	0.11068301200066344	0.8690539669996724	0.5865363719995003	['+']
n	9	555.3925552129995	0.25256000100034726	0.5692701899997701	0	0.1656942509998771	0.9184359020000556	0.7369978679998894	['-']
v	10	557.8412488039994	0.11555787900033465	0.43647762999989936	0	0.17764934500064555	0.7690082160006568	0.5364832140003273	['-']
v	11	560.3408398449992	0.13516989100025967	0.45273975400050404	0	0.14181751999967673	0.8019361730002856	0.5527484910007843	['+']
n	12	562.672875411	0.0513395269999819	0.3700482149997697	0	0.13262390199997753	0.7025165810000544	0.4700652040000932	['+']
v	13	565.1060451139992	0.4981773260005866	0.819234315000358	0	0.09017398699961632	1.151787628999955	0.819259845000488	['-']
v	14	567.9887452919993	0.3927047090000997	0.7023994790006327	0	0.22826902399992832	0.9848605180004597	0.6357738990000144	['+']
n	15	570.5702963139993	0.3218855800005258	0.6366884630006098	0	0.3365346900000077	0.9872684470001332	0.6367168169999786	['+']
n	16	573.2867996479999	0.533676268999443	0.852570141999422	0	0.2120993050002653	1.1684042669994597	0.8192615849993672	['-']
v	17	576.018646859	0.4744693789998564	0.7864979799996945	0	0.12253545299972757	1.1191220999999132	0.9208053079992169	['-']
v	18	578.8682656969995	0.44084463200033497	0.7526373440005045	0	0.07469051299995044	1.085169949000374	0.8523223069996675	['-']
v	19	581.684295178	0.2799657030000162	0.5858293530000083	0	0.12954008799988515	0.9349706399998468	0.7520982649994039	['+']
n	20	584.149382474	0.14292467999985092	0.4533086169994931	0	0.1249459629998455	0.752517383999475	0.42003526799999236	['+']
v	21	586.6321798229992	0.252188226000726	0.5699557540001479	0	0.22152829700007715	0.9021929130003628	0.6030368510000699	['-']
v	22	589.2648461929994	0.25209631200050353	0.5694992019998608	0	0.11731545300062862	0.9020141870005318	0.7357706650000182	['-']
v	23	591.8971766569994	0.22051503800048522	0.5364001020006981	0	0.18232343399904494	0.802219432000129	0.4697366280006463	['-']
n	24	594.4298290489996	0.2708105029996659	0.5861593600002379	0	0.2800295009992624	0.9187663410002642	0.6196057719998862	['+']
v	25	597.0790189009995	0.262469668000449	0.5694837749997532	0	0.27120653000019956	0.9020085720003408	0.6361930869998105	['-']
v	26	599.7121893839994	0.1563941109998268	0.46891004600001907	0	0.2506795819999752	0.8180302430000665	0.5022349540004143	['+']
n	27	602.0607295419995	0.08007367400023213	0.3862596310000299	0	0.26507205100006104	0.7354928860004293	0.419703735999974	['-']
v	28	604.3260814259993	0.1911400320004759	0.5034692150002229	0	0.13840000399977725	0.8526560549998976	0.6368432740000571	['+']
n	29	606.708445538	0.3130485649999173	0.6204481659997327	0	0.2949850590002825	0.9528323810000074	0.7536728599998241	['+']
n	30	609.3915478429999	0.33388779100005195	0.6530602379998527	0	0.2994620319996102	0.9855329980000533	0.6530884639996657	['+']
v	31	612.1068863219998	0.14706653899975208	0.4536304060002294	0	0.2876194189993839	0.7541447639996477	0.42024194599980547	['-']
v	32	614.5908376459993	0.23103828900002554	0.552160224000545	0	0.12905364299967914	0.9012945080003192	0.718525745000079	['+']
n	1	620.73424471	0.4305198799993377	0.7400339379992147	0	0.12578057700011414	1.0725993339992783	0.8067006199999014	['+']
v	2	623.5370109599999	0.3397384089994375	0.6530525620000844	0	0.16200585099977616	0.9856292929998745	0.6530789869993896	['-']
n	3	626.2535612449992	0.30442554900037067	0.6190018820007026	0	0.1675276930000109	0.9681913430003988	0.6190290060003463	['-']
v	4	628.7517425609994	0.149295537999933	0.4700850190001802	0	0.18636102399977972	0.8192360100001679	0.6367107410005701	['+']
n	5	631.101033551	0.31294404699929146	0.6199481529993136	0	0.11117087300044659	0.9524991499993121	0.7529763149996143	['+']
v	6	633.7841836079997	0.27723486899958516	0.5859755809997296	0	0.15810165899983986	0.9184929619996183	0.6193900689995644	['-']
n	7	636.4330694599994	0.44507079899995006	0.7528657869997915	0	0.15847436600051878	1.0853695710002285	0.8862523850002617	['+']
v	8	639.2487539169997	0.2606284149997009	0.5697517520002293	0	0.1177320429997053	0.918894100000216	0.6697537190002549	['+']
n	9	641.6975455349993	0.2918560130001424	0.603415694999967	0	0.04327823800031183	0.9359996279999905	0.6697598020000441	['+']
v	10	644.3640435719999	0.2569089939997866	0.5694317070001489	0	0.1468056459998479	0.9186062829994626	0.6028545250001116	['+']
n	11	646.8128535119995	0.281207140999868	0.5865187870003865	0	0.12093274199924053	0.9190306850005072	0.5865457119998609	['+']
v	12	649.4627980219993	0.2625542420000784	0.5691283860005569	0	0.160476959999869	0.8350308250001035	0.5024150400004146	['-']
n	13	652.028856848	0.2330662679996749	0.5522386489992641	0	0.187320503000592	0.884708519999549	0.5522670699992887	['+']
v	14	654.643933847	0.25717873999929	0.5696149739997054	0	0.32290949300022476	0.918801658999655	0.6699051269997653	['+']
n	15	657.0926228689996	0.16849431500031642	0.48683429500033526	0	0.2209539269997549	0.7860257909997017	0.45353788299962616	['+']
v	16	659.6093991149992	0.2519438210001681	0.5692684670002564	0	0.18214353100029257	0.8351061390003451	0.5026268900001014	['-']
v	17	662.1751006189997	0.2860262519998287	0.6027156929994817	0	0.28658025300046575	0.935225803999856	0.6360551729994768	['-']
n	18	664.8407856889999	0.30048365499987995	0.6195749509997768	0	0.06014709999999468	0.9353518779998922	0.5861921050000092	['-']
v	19	667.3396421479993	0.1535727880000195	0.4699091000002227	0	0.10298135900029592	0.7857568210001773	0.43676612700073747	['+']
n	20	669.6888370759998	0.08434227399993688	0.4033571009995285	0	0.2604034989999491	0.7525102589997914	0.5366399300000921	['-']
v	21	671.9714661459993	0.3149641469999551	0.6366304440007298	0	0.16057762199943681	0.9690870809999979	0.804013560000385	['-']
v	22	674.671093295	0.2877923549995103	0.6027602320000369	0	0.15875780699934694	0.9520005559998026	0.6361798049993013	['+']
n	23	677.1530611369999	0.2687764080001216	0.5867072490000282	0	0.12493800599986571	0.9358379489995059	0.7209851659999913	['-']
v	24	679.619891022	0.13868792099947314	0.45243620199926227	0	0.12037630299982993	0.7849403289992551	0.5191246089998458	['-']
v	25	682.1351752379996	0.23936867999964306	0.5529845700002625	0	0.16854256899932807	0.8855256739998367	0.6196898930002135	['-']
v	26	684.7512282899997	0.2941666249998889	0.6027670980001858	0	0.11874284199984686	0.9019378450002478	0.5695836989998497	['-']
v	27	687.3838022159998	0.2459439559997918	0.5527698109999619	0	0.15255879300002562	0.8352222280000206	0.4860667610000746	['+']
n	28	689.8157888229998	0.27939929599961033	0.586611615000038	0	0.1103939469994657	0.9357696339993709	0.6867848539995975	['-']
v	29	692.2815234009995	0.1960529480002151	0.5034417899996697	0	0.06398641500072699	0.8359394730005079	0.6697194870002932	['-']
v	30	694.848089477	0.24565653699937684	0.5527142219998495	0	0.09607008300008602	0.8352503279993471	0.48616162599955715	['+']
n	31	697.2799923569992	0.12629514600030234	0.4367052900006456	0	0.22818106399972748	0.7693320940006743	0.6034443210000973	['+']
n	32	699.7802307939992	0.26657124500070495	0.5857103150001421	0	0.09912673100006941	0.934828930000549	0.6868863770005191	['-']
v	1	706.8471955219993	0.6632424480003465	0.9829711000002135	0	0.21095386300021346	1.315498191000188	0.9829969050006184	['-']
n	2	709.8930572589998	0.38472524499957217	0.7029265419996591	0	0.14104106700051489	1.0187583979995907	0.6695870459998332	['-']
v	3	712.4754836359998	0.2502663979994395	0.5697869489995355	0	0.14808411700050783	0.8522929169994313	0.5030992060001154	['+']
v	4	714.9242621359999	0.10558257799948478	0.4202863390000857	0	0.27263395599948126	0.7041454330001216	0.3536298089993579	['-']
v	5	717.3575730679995	0.23312994000025355	0.552769836999687	0	0.10678695200022048	0.8852445540005647	0.6527682200003255	['-']
v	6	719.9736545409996	0.17656906100000924	0.48585272200034524	0	0.04566681099913694	0.8350506830001905	0.552206305999789	['+']
n	7	722.3387623409999	0.2438685209999676	0.5533507740001369	0	0.2530731189999642	0.8858244049997666	0.6199989059996369	['+']
v	8	724.955256874	0.3313536749992636	0.6526547839994237	0	0.1375131960003273	0.9851241029991797	0.6526824609991309	['-']
v	9	727.6708870749999	0.2080427860000782	0.5195338249995984	0	0.16287232600006973	0.835348341000099	0.48622866299956513	['+']
v	10	730.0695186809999	0.1533970139998928	0.4701697049995346	0	0.22971757699997397	0.8195461309996972	0.6034812449997844	['+']
n	11	732.4198536669992	0.11559412500082544	0.435805779000475	0	0.16171175199997379	0.7682389060000787	0.5357816290006667	['+']
v	12	734.9186451139994	0.28757168900028773	0.6027407960000346	0	0.13598836199980724	0.9352900069998213	0.7690766080004323	['-']
n	13	737.5844431159994	0.15750321399991662	0.46950068099977216	0	0.26762752200011164	0.802053972000067	0.6361517189998267	['+']
v	14	740.1172134109993	0.2249554120007815	0.5358777660003398	0	0.2043824880001921	0.8684427300004245	0.5692749760000879	['-']
n	15	742.716276053	0.18695207299970207	0.5027555369997572	0	0.19867271400016762	0.8352360259996203	0.5027837409998028	['+']
v	16	745.2820288479998	0.18069811599980312	0.486116989999573	0	0.17745582000043214	0.8353272770000331	0.5195048670002507	['+']
n	17	747.6473747829996	0.046798741999737103	0.3534655630000998	0	0.15279736100001173	0.7026173900003414	0.48674695899990184	['-']
v	18	749.8803540529998	0.15789924299951963	0.4696894339995197	0	0.21147659000052954	0.8022219849999601	0.5363717599993834	['-']
v	19	752.4128387419996	0.16188918199986801	0.4697454529996321	0	0.1991978559999552	0.8022294490001514	0.6363761060001707	['-']
n	20	754.9452681759994	0.18099938100021973	0.5031708189999335	0	0.28916093800035014	0.7862694149998788	0.4369829610004672	['+']
n	21	757.3277177370001	0.1597427169999719	0.46999683099966205	0	0.3079191469996658	0.8024847319993569	0.4700441589993716	['+']
v	22	759.8603857179996	0.25823542600028304	0.569829426999604	0	0.17944779900062713	0.8856718039996849	0.536494381999546	['+']
v	23	762.3094063789995	0.22498993299996073	0.5367600580002545	0	0.29159687499941356	0.8858511360003831	0.6700010310005382	['+']
n	24	764.7254091739997	0.0969497340001908	0.4032887129997107	0	0.16904266300025483	0.7191881580001791	0.36996820799959096	['-']
n	25	767.0080904259994	0.13435432900041633	0.45322770700022375	0	0.18861755699981586	0.7857006949998322	0.5532620130006762	['+']
v	26	769.5243487089992	0.24221412600036274	0.5528235070005394	0	0.34063458799937507	0.9034010190007393	0.58613137500015	['-']
v	27	772.1578784539997	0.04060486900016258	0.35180827800013503	0	0.19614508699942235	0.6843340360001093	0.4851260570003433	['-']
n	28	774.5729364089993	0.09881714200037095	0.4194173550004052	0	0.05749190299957263	0.7684841139998753	0.48685616300008405	['-']
v	29	776.8717516019997	0.1512330679997831	0.4697604330003742	0	0.2766925159994571	0.8189488039997741	0.6364250440001342	['+']
n	30	779.2205180179999	0.09044648199960648	0.4036633569994592	0	0.1538243559998591	0.686141473999669	0.3369754119994468	['-']
v	31	781.5034790009995	0.15134387200032506	0.4698826869998811	0	0.18063267300021835	0.802517906000503	0.569974344000002	['-']
n	32	784.0362282899996	0.3634695050004666	0.6696009650004271	0	0.3441803069999878	1.020281623000301	0.7029950650003229	['+']
n	1	791.2796248559998	0.47908262199962337	0.7905696529996931	0	0.18791520400009176	1.1231028049996894	0.8239821179995488	['+']
v	2	794.133739371	0.3779961659993205	0.6855956529998366	0	0.28669939700012037	1.0180820159994255	0.7189315429995986	['-']
n	3	796.8821136789993	0.23738674000014726	0.5530869610001901	0	0.2548894649999056	0.8855790510006045	0.6197784920004779	['+']
v	4	799.4983370329992	0.24449596000067686	0.5527678910002578	0	0.1991997300001458	0.8518533890000981	0.5193442080008026	['-']
v	5	802.0808910899996	0.31095117699987895	0.6193495870002153	0	0.26998368699969433	0.9684665260001566	0.7194200659996568	['+']
v	6	804.5802737109998	0.18709484299961332	0.5025040040000022	0	0.23953402999995888	0.8516514679995453	0.5025318319994767	['+']
v	7	806.9619220149998	0.13469943000018247	0.45348965499943006	0	0.3388163050003641	0.804065069999524	0.5201303169997118	['-']
n	8	809.4960456129993	0.17484774400054448	0.48514700800024	0	0.22913157400034834	0.8343388160001268	0.5851895290006723	['-']
v	9	811.8612156649997	0.2667695959999037	0.5858817839998665	0	0.16322249400036526	0.9183968099996491	0.6526836029997867	['-']
v	10	814.5101841669994	0.23317425400000502	0.5527425270001913	0	0.11559679699985281	0.8852746729999126	0.6528182120000565	['-']
v	11	817.1259923849993	0.22501087399996322	0.5361550300003728	0	0.22826690599958965	0.8686427460006598	0.5361827890001223	['-']
n	12	819.7251018389998	0.1620265740002651	0.469536935999713	0	0.2637539770003059	0.8020449089999602	0.502887261000069	['+']
v	13	822.2577712419998	0.29415147500003513	0.6027199909995034	0	0.14195513000049687	0.9185524049999003	0.5693853490001857	['+']
v	14	824.7396214289993	0.044437496000682586	0.3534362520003924	0	0.21346297699983552	0.6859788210003899	0.35346135000054346	['-']
v	15	827.1562124389993	0.050938908000716765	0.36947984300059034	0	0.22881665599925327	0.7186198520003018	0.5027592960004768	['+']
n	16	829.4049032339999	0.202370059999339	0.5199626479998187	0	0.20572707599967544	0.8691884509998999	0.6866471809998984	['-']
v	17	831.8041810659997	0.212322108999615	0.51998319500035	0	0.18257396099943435	0.7858195999997406	0.4533502510003018	['-']
v	18	834.320202381	0.2560817989997304	0.5698298979996252	0	0.14461199000015768	0.9189842870000575	0.6698215859996708	['+']
n	19	836.7695900559993	0.021748587000729458	0.3365212460003022	0	0.1525914109997757	0.6855513820000851	0.4697015930005364	['-']
v	20	838.9859750329997	0.1259651569998823	0.4359705179995217	0	0.12444039999991219	0.751796872000341	0.4026497940003537	['+']
n	21	841.3009964079993	0.3151456760006113	0.6367875200003255	0	0.15296577000026446	0.9027000720006981	0.5701334140003382	['+']
v	22	843.9341171379992	0.35337379300017346	0.6694588330001352	0	0.2631165940001665	1.0186593280004672	0.8028361220003717	['+']
n	23	846.4826846859996	0.14093039799990947	0.45357044899992616	0	0.10651644300014596	0.7860363420004433	0.45359776100031013	['+']
v	24	848.9991012669998	0.08853455299959023	0.4029769819999274	0	0.2567574140002762	0.735555659000056	0.4363412739994601	['-']
v	25	851.4652602869992	0.2462550510008441	0.5526919740004814	0	0.1609230510002817	0.8851853440000923	0.6859906520003278	['-']
v	26	854.0809003719996	0.11138522399960493	0.41961003599953983	0	0.2624060840007587	0.6869525550000617	0.35297510899999907	['-']
n	27	856.4970822699997	0.20649271799993585	0.5192809669997587	0	0.12258559099973354	0.8517960359995413	0.6855882059999203	['+']
v	28	859.0793830929997	0.13669521999963763	0.4528903580003316	0	0.22265265899932274	0.7354529280000861	0.38621792399953847	['+']
n	29	861.4114637749999	0.08466182999927696	0.40384317499956524	0	0.3318787779999184	0.7375066499998866	0.4700791360000949	['+']
v	30	863.8779263189999	0.1304052799996498	0.4361651429999256	0	0.1929548869993596	0.7353283829997963	0.4028309029999946	['-']
n	31	866.3441104659996	0.2249178000001848	0.5358608590004224	0	0.17911785399974178	0.8683200449995638	0.7024548859999413	['+']
v	32	868.94289759	0.3048831179994522	0.6195569869996689	0	0.15271543899962126	0.9520456329992157	0.7871067669993863	['-']
v	1	876.0413011439996	0.5037648830002581	0.8188342470002681	0	0.1514163579995511	1.101345226000376	0.7521700739998778	['+']
n	2	878.7390192339999	0.16612543599967466	0.4870891289992869	0	0.16115784100020392	0.8362031259994183	0.5537613369997416	['-']
v	3	881.105051302	0.17482050199942023	0.4868867749992205	0	0.13161578700055543	0.8361404819997915	0.5535754319998887	['+']
n	4	883.471106035	0.11343319699972199	0.42013295799915795	0	0.09612460700009251	0.7693089769991275	0.5531310939995819	['-']
v	5	885.7707159009997	0.10946004899960826	0.41977042999951664	0	0.20487377700010256	0.7690123889997267	0.5866560490003394	['+']
n	6	888.0698055069997	0.17044701200029522	0.4866066659997159	0	0.15128911400006473	0.8358434049996504	0.5866855320000468	['-']
v	7	890.4356268169995	0.06110274999991816	0.3701377309998861	0	0.16579428000022745	0.6859511000002385	0.3367858569999953	['+']
n	8	892.68526337	0.12419133000003058	0.43636300699927233	0	0.1698582400003943	0.7855600089997097	0.4697303439997995	['-']
v	9	895.0008122039999	0.19944115299949772	0.5201845259998663	0	0.36243229799947585	0.8364967130000878	0.48675002199979645	['-']
v	10	897.4002027829993	0.21626631800063478	0.5367384099999981	0	0.19459606500004156	0.8691105420002714	0.5700993350001227	['-']
v	11	900.0001771499992	0.28129953799998475	0.602464076000615	0	0.14493565399970976	0.9516770520003774	0.6024903850002374	['+']
v	12	902.4817759439993	0.05481994500041765	0.37012139900070906	0	0.2636880169993674	0.70282212300026	0.3701475190000565	['-']
v	13	904.9152387199993	0.2858880500007217	0.6025297800006228	0	0.18211498099935852	0.9350462010006595	0.7692663730003915	['-']
n	14	907.5805615159998	0.15570988099989336	0.46979307499987044	0	0.1933365960003357	0.8022505799999635	0.5697884370001702	['+']
v	15	910.1135058929995	0.04017300099985732	0.3527438789997177	0	0.18574597500082746	0.6851999990003605	0.45277554800031794	['-']
v	16	912.5292494769992	0.18465344900050695	0.5028434550004022	0	0.123651240000072	0.8353602020006292	0.6370304850006505	['-']
v	17	915.0961930269996	0.24028991100021813	0.55178204799995	0	0.2518030119999821	0.9009112840003581	0.7183711509997011	['+']
n	18	917.5270729459999	0.16189627499989	0.47009510199950455	0	0.13461945800008834	0.8026270679993104	0.503451863999544	['+']
v	19	920.0608893709996	0.2039589949999936	0.5188480570004685	0	0.1761909819997527	0.8679837199997564	0.5521637519996148	['+']
n	20	922.4588054359992	0.06327196500024002	0.37017568800001754	0	0.15888743800041993	0.7026978500007317	0.3702018390004014	['+']
v	21	924.8923953639996	0.04440354599955754	0.35247417699974903	0	0.11913069999991421	0.7017581689997314	0.4867928639996535	['+']
n	22	927.1241311079993	0.07783492500038847	0.38679952300026343	0	0.18902173599963135	0.6859708910005793	0.35341327200058004	['+']
v	23	929.540927176	0.10101173099974403	0.4191880949992992	0	0.16410465199987812	0.7683275099998355	0.5191565289997015	['+']
n	24	931.8392565039994	0.2500622799998382	0.5700390339998194	0	0.11493479300042964	0.8359343020001688	0.5034554960002424	['+']
n	25	934.4059781010001	0.09879349999937403	0.4191980909999984	0	0.11501463899912778	0.7518126749992007	0.5522477819995402	['+']
v	26	936.8882648489998	0.272843828999612	0.5862419979994229	0	0.1855978050007252	0.851972439999372	0.5194500769994193	['-']
v	27	939.4712658049993	0.0255522170000404	0.335729860000356	0	0.3251808409995647	0.6696477530003904	0.3357573829998728	['-']
n	28	941.8704324789996	0.22690444599993498	0.5357351929997094	0	0.20601031099977263	0.8849032159996568	0.6024078339996777	['-']
v	29	944.285566775	0.10733480799990502	0.4198860189999323	0	0.04279425999993691	0.7690466879994347	0.4862054139994143	['+']
v	30	946.5846681619996	0.02553172700027062	0.3367958759999965	0	0.2989073720000306	0.6374986029995853	0.30344207800044387	['-']
v	31	948.9511822629993	0.3067685790001633	0.6194197889999487	0	0.07367098600025201	0.885459687000548	0.552773630000047	['-']
n	32	951.5668192309995	0.12184894700021687	0.43629582399989886	0	0.08919727800002875	0.7855311450002773	0.6026409020005303	['-']
