response	trial_nr	t_start	t_set	t_ball	t_release	t_response	t_goal	t_change	rev_sign
v	1	27.011852726000143	2.2552691749997393	2.5645940819995303	0	0.22051247900071758	2.9141730029996324	2.5646203340002103	+
n	2	31.456558345999838	0.2979925230001754	0.6191558159998749	0	0.12125364100029401	0.9516387570001825	0.7855070850000629	+
v	3	34.139126570999906	0.3025615360002121	0.6191238970004633	0	0.14281794799990166	0.9515906579999864	-34.139126570999906	['-']
n	4	36.821234727000046	0.31694566900023347	0.6360607619999428	0	0.13200883500030614	0.9852846690000661	0.8023826890002965	-
v	5	39.3372596399995	0.1455995480000638	0.4527026620007746	0	0.13514088099964283	0.7851875460000883	-39.3372596399995	['-']
n	6	41.85378767400016	0.20409674499933317	0.5186363619995973	0	0.13669560100061062	0.8678638689998479	0.6186536799996247	-
v	7	44.25255486599963	0.1744105200004924	0.4858206730004895	0	0.13081259499995213	0.8183766340007423	0.6202920129999256	-
v	8	46.80168196300019	0.21654070099975797	0.5359353539997755	0	0.16357561299992085	0.8850874749996365	-46.80168196300019	['+']
n	9	49.21702925199952	0.11345160700057022	0.41980485200019757	0	0.1123833960000411	0.769022787000722	-49.21702925199952	['-']
v	10	51.51696157799961	0.10927586200068617	0.41914707200066914	0	0.13318354199964233	0.7517157470001621	0.3858401360002972	-
v	11	53.99939859499955	0.1157631260002745	0.43591936600023473	0	0.12996649000069738	0.7685039110001526	0.46937391000028583	-
n	12	56.49877881300017	0.08854726399931678	0.40246541399937996	0	0.21614576400043006	0.7516760250000516	-56.49877881300017	['-']
v	13	58.78095873300026	0.18905817899940303	0.5029126749996067	0	0.07351870500042423	0.8354393939998772	0.4695612229998005	-
v	14	61.34713543700036	0.2795141569995394	0.585911132999172	0	0.2643952270009322	0.9350688049999007	0.7192042990000118	+
n	15	63.81274658199982	0.1745368720003171	0.4861884980000468	0	0.0025652590002209763	0.8187642459997733	0.5858742199998233	+
v	16	66.36225421299969	0.2562212990005719	0.5692086779999954	0	0.08998161100043944	0.9017260910004552	-66.36225421299969	['-']
n	17	68.99460128600003	0.27166189499985194	0.5861660250002387	0	0.0407662600000549	0.935193401000106	-68.99460128600003	['-']
v	18	71.46045444500032	0.23787245099993015	0.5528748759998052	0	0.040267102000143495	0.8852767549997225	-71.46045444500032	['-']
v	19	74.07638047799992	0.28602173299987044	0.6026277159999154	0	0.006652852000115672	0.9518367279997619	-74.07638047799992	['+']
n	20	76.55867502199999	0.2604348790000586	0.5695609009999316	0	0.013416659000540676	0.9187704679998205	-76.55867502199999	['-']
v	21	79.00786509800037	0.09896040399962658	0.4196696949993566	0	0.06617645200003608	0.7688868870000078	0.552694411999255	+
n	22	81.30727705000027	0.28769543199996406	0.6027905609998925	0	0.02368868800022028	0.9520126669995079	0.5361891019992981	-
v	23	83.79015199599962	0.19748369900025864	0.5191722670006129	0	0.128497664999486	0.8684170670003368	0.5191993880007431	+
n	24	86.18890964099955	0.12622397100039962	0.43637046799995005	0	0.18847076500060211	0.7855990830003066	-86.18890964099955	['-']
v	25	88.50508613300008	0.13870729700010997	0.45278009199955704	0	0.07998311500068667	0.8019846409997626	-88.50508613300008	['+']
n	26	90.83781475700016	0.1261468619995867	0.435983937999481	0	0.16417587100022502	0.7852145509996262	0.43601064099948417	-
v	27	93.15373947900025	0.29765629499979696	0.6192964559995744	0	0.10491498999999749	0.9518678609993003	-93.15373947900025	['-']
v	28	95.83650425399992	0.046402173999922525	0.3525187020004523	0	0.15293452700007037	0.6850246220001281	0.5199717120003697	-
n	29	98.25281966500006	0.23939434099975188	0.5520094389994483	0	0.08147422300044127	0.9011874749994604	-98.25281966500006	['-']
v	30	100.68464739399951	0.07811256000059075	0.3861066010003924	0	0.047313494000263745	0.7353267070002403	-100.68464739399951	['+']
n	31	102.95020894899972	0.05275866300053167	0.3698311210000611	0	0.09411789000023418	0.7024070679999568	-102.95020894899972	['+']
v	32	105.38365579200035	0.2671228350000092	0.5856349039995621	0	0.12491153399969335	0.9181198199994469	0.618927547999192	-
v	33	108.03272217599988	0.21019584799978475	0.5190167370001291	0	0.04650710100031574	0.8682570820001274	0.5525190309999743	+
n	34	110.43205065500024	0.1640707199994722	0.48563682199983305	0	0.09652258000005531	0.8181847589994504	-110.43205065500024	['+']
v	35	112.98118685600002	0.18975044200033153	0.5024117000002661	0	0.2026911389993984	0.8516430210002	0.6023885069998869	+
n	36	115.36317999200037	0.10513942199941084	0.41964376299983996	0	0.1197221639995405	0.7521853139996892	-115.36317999200037	['+']
v	37	117.84629162799956	0.1891405129999839	0.5024954680002338	0	0.11356543200054148	0.8515924760004054	-117.84629162799956	['+']
n	38	120.22865404200002	0.18279843500022253	0.5026347860002716	0	0.05107874399982393	0.8352153429996179	-120.22865404200002	['+']
n	39	122.79523048299961	0.3928906690007352	0.7018612640003994	0	0.2452698600000076	1.0343970660005652	-122.79523048299961	['+']
n	40	125.56049971500033	0.3632916649994513	0.669168329999593	0	0.08080742499987537	1.0016041839999161	-125.56049971500033	['+']
n	41	128.2930382020004	0.254372432999844	0.569019171999571	0	0.040784425000310875	0.918279719999191	0.6687511789996279	-
v	42	130.74183971000002	0.06153061700024409	0.36956084499979625	0	0.08720531600010872	0.7187483560001056	0.4029315219995624	+
v	43	132.99116687700007	0.052744701999472454	0.3695283870001731	0	0.18992786199942202	0.7188698439995278	0.43621138599974074	+
n	44	135.24034728300012	0.06740023600013956	0.3862809419997575	0	0.10800277399994229	0.7188281729995651	0.31968042900007276	+
n	45	137.69027712299976	0.2584112760005155	0.568913645000066	0	0.2674655860000712	0.9014038120003534	-137.69027712299976	['+']
n	46	140.32276178400025	0.2815091039992694	0.6022085469994636	0	0.20214245900024252	0.9347407759996713	-140.32276178400025	['+']
n	47	142.98893331399995	0.06303583299995807	0.3686278830000447	0	0.06521001500004786	0.7011943309998969	-142.98893331399995	['+']
n	48	145.42137394899964	0.2540778560005492	0.5686596860005011	0	0.1847898810001425	0.9178830070004551	0.7020642080005928	-
v	49	147.86980630000016	0.2626451709993489	0.5695226679999905	0	0.16749413100023958	0.9186837409997679	-147.86980630000016	['+']
n	50	150.3189581910001	0.012757921000229544	0.3196771599996282	0	0.17631815200002166	0.6688482889994702	-150.3189581910001	['-']
v	51	152.51856602299995	0.08481654600018373	0.4026627249995727	0	0.2056907680007498	0.751877212999716	0.36933199200029776	+
n	52	154.80158875100005	0.17022088500016253	0.4855521800000133	0	0.27975403999971604	0.818102342000202	0.65229804899991	+
v	53	157.3505937609998	0.23792078899987246	0.5524049030000242	0	0.16001689200038527	0.9017187770004966	0.4857630490005249	+
n	54	159.78274533100011	0.2772276850000708	0.5861509300002581	0	0.26207701599923894	0.9187510519996067	-159.78274533100011	['+']
n	55	162.43217503699998	0.19560839400037366	0.5026228260003336	0	0.16028297999946517	0.8351329220004118	0.4693319360003443	+
v	56	164.99832829499974	0.21420954299992445	0.5356773990006332	0	0.2571232519994737	0.8848540750004759	0.6023466960004953	+
v	57	167.41374696399998	0.14280478500040772	0.4527994430000035	0	0.20465581500047847	0.7853778170001533	0.5196784849995311	-
v	58	169.93028897299973	0.15350131900049746	0.46880479199990077	0	0.16012493000016548	0.8013468150002154	0.46883081499981927	-
v	59	172.46270295700015	0.1412911819998044	0.4522842269998364	0	0.16428271299992048	0.7848196189997907	0.38563721499940584	-
v	60	174.9789427779997	0.42584486400028254	0.7351642470002844	0	0.3251960420002433	1.0690465759998915	-174.9789427779997	['-']
n	61	177.7776340190003	0.5144880629995896	0.8356038739993892	0	0.17010943800050882	1.1847723149994636	-177.7776340190003	['-']
v	62	180.49304900399966	0.06301810600052704	0.36945031200048106	0	0.09688481800003501	0.7019717180000953	-180.49304900399966	['-']
n	63	182.92593425799987	0.15809360300045228	0.4691465429996242	0	0.22848706000058883	0.8182965470005001	0.5358279319998474	-
v	64	185.27483262900023	0.04203051599961327	0.3528451189995394	0	0.06790110300062224	0.6853848499995365	-185.27483262900023	['-']
n	1	191.862646605	0.4055525840003611	0.7128975260002335	0	0.05610182599957625	1.0453823790003298	0.7129262369999196	+
v	2	194.6388636490001	0.2626416260000042	0.5691542019994813	0	0.10360258400032762	0.9183582519999618	0.6359095999996498	+
n	3	197.08733768399998	0.25418115600041347	0.5698898459995689	0	0.014452456000071834	0.902438697999969	0.7362452560000747	+
v	4	199.72021977799977	0.012788297000042803	0.319601860000148	0	0.15187475299990183	0.6521521490003579	0.28630676900047547	-
n	5	202.10300446499969	0.14143418700041366	0.4526994520001608	0	0.10803053400013596	0.785244208000222	-202.10300446499969	['+']
v	6	204.6188030960002	0.2499062649994812	0.5694118020001042	0	0.043566657999690506	0.9019616629993834	-204.6188030960002	['-']
n	7	207.25193105800008	0.23327585500010173	0.5521223589994406	0	0.043767436000962334	0.9013363949998165	0.6851618860000599	-
v	8	209.68348500899992	0.1220123720004267	0.4365513840002677	0	0.11976475499977823	0.7691081869998015	0.503355859000294	-
n	9	212.18315285300014	0.277415851999649	0.5860423240001182	0	0.046733616999517835	0.918621642999824	0.7190939800002525	+
v	10	214.83234640499995	0.23725530600040656	0.5526878840000791	0	0.06295570400016004	0.8852899370003797	0.48611708899989026	-
n	11	217.44856620100018	0.15614246199947956	0.4689926139999443	0	0.042428748999554955	0.8182224769998356	-217.44856620100018	['-']
v	12	219.79684692499995	0.1596469910000451	0.4700612500000716	0	0.04512409800008754	0.802557044000423	0.602973369999745	-
v	13	222.32981584800018	0.1389216560000932	0.45290920099978393	0	0.041344701000525674	0.8021158129995456	0.552559392999683	+
n	14	224.66240472899972	0.09455760000037117	0.4030011140002898	0	0.04661917900011758	0.735526800000116	-224.66240472899972	['+']
n	15	227.12781122700017	0.044995671999458864	0.35349858199970186	0	0.1511038759999792	0.7026651149999452	0.35352690999934566	-
v	16	229.36051007900005	0.07644336900011695	0.3866962029997012	0	0.1089839430005668	0.735975693999535	0.4867587030003051	+
v	17	231.6260928920001	0.28360879299998487	0.6036784219995752	0	0.12246363600024779	0.9362225879995094	-231.6260928920001	['-']
v	18	234.29278684400015	0.17645568799980538	0.486242854000011	0	0.0692682609997064	0.8354376039997078	0.6525818629997957	+
n	19	236.65911761799998	0.09051984300003824	0.40247622199967736	0	0.13079194700003427	0.7516872509995665	-236.65911761799998	['-']
v	20	238.94052690599983	0.08849096300036763	0.4038140980001117	0	0.16840009200041095	0.7362369250004122	0.4038427750001574	-
v	21	241.40720314099963	0.2311217280002893	0.5529572350005765	0	0.06421844400028931	0.8854106720000345	-241.40720314099963	['-']
v	22	244.02312791399982	0.006491166999694542	0.3195032270004958	0	0.10579796699948929	0.6520690249999461	-244.02312791399982	['-']
n	23	246.40525193699978	0.13669057300012355	0.4533427500000471	0	0.2458829050001441	0.7858356490005463	-246.40525193699978	['+']
n	24	248.92195786399952	0.14723789100025897	0.45246627899996383	0	0.11415967300035845	0.8016514160008228	-248.92195786399952	['-']
v	25	251.25356856100007	0.0641558890001761	0.37024550899968744	0	0.08079743000052986	0.7026915999995254	-251.25356856100007	['-']
v	26	253.68677609800034	0.1115600369994354	0.41949075699994864	0	0.1423454549994858	0.7521041509999122	0.5858297199993103	-
v	27	256.1696966869995	0.012850438000896247	0.3191953990008187	0	0.13577365899982397	0.6517221540007085	0.285930183000346	-
n	28	258.5516633019997	0.28562494900052116	0.6031135350003751	0	0.00591373899987957	0.9355827589997716	0.6360687490005148	+
v	29	261.2180138619997	0.09269816600044578	0.40259951799998817	0	0.03619656400042004	0.7518144260002373	-261.2180138619997	['+']
n	30	263.49975234999965	0.19378427599986026	0.5035350240004846	0	0.1096307939997132	0.8359867870003654	0.4368811310005185	+
v	31	266.0659420960001	0.05950902299991867	0.36984846999985166	0	0.07702671700008068	0.7190686269996149	-266.0659420960001	['+']
n	32	268.31501054099954	0.09894554400034394	0.4200769360004415	0	0.0897579210004551	0.7525713550003275	0.3867423810006585	+
v	33	270.79796421100036	0.1849144569996497	0.5029588029992738	0	0.044209163000232365	0.8354879859998618	-270.79796421100036	['-']
n	34	273.3634492049996	0.155451104000349	0.470009742000002	0	0.055449004000365676	0.8191900930005431	0.5697365519999948	-
v	35	275.7124093270004	0.2612817899998845	0.5703145629995561	0	0.046245061999798054	0.9194828579993555	0.5369734989999415	+
v	36	278.1621805479999	0.05953159199998481	0.3697882579999714	0	0.22100253500047984	0.7190578409999944	-278.1621805479999	['+']
v	37	280.41119548200004	0.19543235800028924	0.5033896559998539	0	0.23853047600005084	0.8359844520000479	-280.41119548200004	['-']
n	38	282.9772719550001	0.24442878599984397	0.5531383600000481	0	0.046653768999931344	0.8856999649997306	0.6195317310002793	+
v	39	285.593355731	0.1808134290004091	0.5029299210000318	0	0.02484092899976531	0.852142873000048	0.4363639869998224	+
n	40	287.9755952309997	0.19956087900027342	0.5199377970002388	0	0.1616200270000263	0.8691590550006367	0.4532992149997881	-
v	41	290.37505751699973	0.08006145499984996	0.38642039700062014	0	0.08769372299957467	0.7356293500006359	0.386447247000433	+
n	42	292.6413841379999	0.18076136099989526	0.48602190499968856	0	0.08981102200050373	0.8352400889998535	-292.6413841379999	['-']
n	43	295.006441429	0.13662345299962908	0.4535778540002866	0	0.15732299399951444	0.8027768490001108	0.5202969370002393	-
v	44	297.33870582300005	0.1957199970001966	0.5038877679999132	0	0.1267397580004399	0.836448119999659	0.6039101409996874	-
v	45	299.9058275890002	0.2521856369994566	0.569330354000158	0	0.046246705999692495	0.9184848810000403	-299.9058275890002	['+']
n	46	302.35421160199985	0.14083529799972894	0.45365902300000016	0	0.08953136299987818	0.7860543619999589	-302.35421160199985	['+']
n	47	304.8703377840002	0.048503156999686325	0.36999840999942535	0	0.05710134500077402	0.7191575769993506	0.40330119200007175	-
v	48	307.1196611160003	0.09484088499993959	0.4033588399997825	0	0.07839172100011638	0.7358404489996246	-307.1196611160003	['-']
v	49	309.58566315499957	0.18939626900009898	0.5031513390003965	0	0.16870804900008807	0.8523251610004081	-309.58566315499957	['+']
n	50	311.96853153699976	0.06944799000029889	0.3861892410004657	0	0.23091353299969342	0.718789194999772	0.5196625240005233	+
v	51	314.4181016619996	0.14079920400035917	0.45252235400039353	0	0.08311528299964266	0.7851226950006094	-314.4181016619996	['-']
v	52	316.933376854	0.21697382199999993	0.5364190439995582	0	0.07584425800087047	0.8689728859999377	-316.933376854	['-']
n	53	319.5331110919997	0.19328674900043552	0.5025875510000333	0	0.021969172000353865	0.8351045879999219	-319.5331110919997	['+']
v	54	322.0983493140002	0.10937495100006345	0.4198632620000353	0	0.011507870000059484	0.7524318499999936	-322.0983493140002	['-']
n	55	324.58118365500013	0.18526067699986015	0.5029004230000282	0	0.22162782400027936	0.8354420549994757	-324.58118365500013	['+']
v	56	327.14714413099955	0.38851245700061554	0.7027260270006082	0	0.11996646700026758	1.0353035180005463	-327.14714413099955	['-']
v	57	329.9129651969997	0.24584270200011815	0.5527779370004282	0	0.10411733999990247	0.9019867950000844	-329.9129651969997	['+']
n	58	332.34486957399986	0.0778679920003924	0.3868011470003694	0	0.0865148799994131	0.7360273860003872	0.42030009900008736	-
v	59	334.6111691369997	0.19561668400001508	0.5032839920004335	0	0.09551170099985029	0.8523302580006202	-334.6111691369997	['+']
v	60	336.9938260979998	0.09258186100032617	0.40311114599990105	0	0.17303197700039163	0.7523000609999144	-336.9938260979998	['+']
v	61	339.27607610199993	0.18702733900045132	0.5034222249996674	0	0.2545203430008769	0.852640355999938	-339.27607610199993	['+']
n	62	341.6590528199995	0.05253362500025105	0.36983235300067463	0	0.04529796599945257	0.7189397460006148	0.5360824760000469	-
v	63	343.90787550499954	0.2751123930001995	0.5868011689999548	0	0.14747361400077352	0.9360249360006492	-343.90787550499954	['+']
v	64	346.37397666000015	0.008958768999946187	0.3200390989995867	0	0.22011385499990865	0.6692576899995402	0.3534421429994836	+
n	1	352.5124535449995	0.4072553470005005	0.7129070760001923	0	0.18517358400004014	1.0620665400001599	-352.5124535449995	['-']
v	2	355.10594830900027	0.03800509399934526	0.35198603399931017	0	0.1443312210003569	0.7011990849996437	-355.10594830900027	['+']
v	3	357.3371990599999	0.15768183100044553	0.4699985260003814	0	0.18721336199996585	0.819186513999739	0.5700229290005154	+
n	4	359.6866237819995	0.07362499800001387	0.38655862900031934	0	0.15317168700039474	0.719073904000652	0.41994749200057413	+
v	5	362.1363364789995	0.23115419600071618	0.5527154520004842	0	0.12934612600020046	0.8852234230007525	-362.1363364789995	['-']
n	6	364.75227022200033	0.15971901299963065	0.4692665799993847	0	0.15689421700062667	0.8184893449997617	0.6370084289992519	-
v	7	367.10086775000036	0.20234525599971676	0.5199497019993942	0	0.09365690100003121	0.8524781329997495	-367.10086775000036	['-']
v	8	369.68383602799986	0.2519212460001654	0.569630762000088	0	0.18133645400030218	0.9186725660001684	0.5696580330004508	+
n	9	372.13248906599983	0.12373387699972227	0.43677475200001936	0	0.009335394000117958	0.7693366470002729	-372.13248906599983	['+']
v	10	374.6327139120003	0.13458751599955576	0.4524549419993491	0	0.2696670550003546	0.8016367449999962	0.6191760829997293	+
n	11	376.96407047899993	0.19528128199999628	0.5038633920003122	0	0.10284665299968765	0.8528562680003233	-376.96407047899993	['-']
v	12	379.34711478200006	0.15765050200025144	0.46990281299986236	0	0.0016566690001127427	0.8191043959996023	0.5362614919995394	+
n	13	381.6965320629997	0.2794718780005496	0.5865211030004502	0	0.05565551899962884	0.918912459999774	-381.6965320629997	['+']
v	14	384.34685354500016	0.2688122800000201	0.5851936379995095	0	0.022753633000320406	0.9344145989998651	-384.34685354500016	['+']
n	15	386.81136684600006	0.22900548999950843	0.5366084209999826	0	0.05483128699961526	0.8691542959995786	0.47001184999953693	+
v	16	389.4108378809997	0.2772485980003694	0.5863492530006624	0	0.10210553699926095	0.9355294659999345	0.7525999710005635	+
n	17	391.87624338800015	0.22054125300019223	0.5369054309994681	0	0.0777038870000979	0.8860506029996031	0.6035341950000657	-
v	18	394.2923702139997	0.19545895300052507	0.5032736170005592	0	0.10329332399942359	0.83581843400043	-394.2923702139997	['-']
n	19	396.85843957700035	0.2692311359996893	0.586392727999737	0	0.03812736999952904	0.9189753569999084	0.6527668729995639	+
v	20	399.50793808100025	0.1557023029999982	0.4694241070001226	0	0.1298062879995996	0.8019901699999537	0.5028932099994563	-
n	21	402.0399727240001	0.24781623399940145	0.5532922929996857	0	0.07390122200013138	0.9024593359999926	0.4866225519999716	-
v	22	404.47257981300027	0.06320283799959725	0.3699742539993167	0	0.0005101160004414851	0.7024798610000289	-404.47257981300027	['-']
n	23	406.905524625	0.24750821500038	0.5528277499997785	0	0.03286303799995949	0.8853851369995027	-406.905524625	['+']
v	24	409.52109880100033	0.2077961819995835	0.5198188139993363	0	0.10625984400030575	0.852334358999542	0.4864857669999765	-
n	25	412.10350798499985	0.3211388749996331	0.6365516610003397	0	0.015441034999639669	0.9691336920004687	-412.10350798499985	['+']
v	26	414.80306016600025	0.21435697699962475	0.5361568879998231	0	0.06408490099966002	0.8687190809996537	-414.80306016600025	['-']
n	27	417.40177310000036	0.19100979799986817	0.5033579449991521	0	0.09018433100027323	0.8525504559993351	0.5033854939993034	-
v	28	419.78455353000027	0.07996866299981775	0.3865265559998079	0	0.06426003100023081	0.7357195009999487	0.35321082399968873	+
n	29	422.05015953099974	0.12619262099997286	0.43689612800062605	0	0.06847651599946403	0.7860695469998973	0.4035861370002749	-
v	30	424.3667599780001	0.30626226799995493	0.6194417149999936	0	0.12122097700012091	0.9687909719996242	0.5528346989995043	+
v	31	426.86550829099997	0.038650970999697165	0.3533487819995571	0	0.13662780200047564	0.6859437140001319	-426.86550829099997	['-']
n	32	429.28221395000037	0.19800825799939048	0.5191537819991936	0	0.10619880300055229	0.8683775899999091	0.5526464869999472	-
v	33	431.6807742759993	0.20784662600090087	0.5198706290011614	0	0.1628847179990771	0.8690682790002029	0.4866231920004793	+
n	34	434.0796639679993	0.13674891800110345	0.45356764500138524	0	0.11035248899952421	0.7861231839997345	0.48693459300011455	+
v	35	436.59616572899904	0.2841577060007694	0.6029021840004134	0	0.07655494400114549	0.9354520840006444	-436.59616572899904	['-']
n	36	439.2617432520001	0.2591500079997786	0.569881751000139	0	0.020048043998940557	0.9023848199994973	0.7028662800003076	+
n	37	441.8958204720002	0.20854073999907996	0.5182792010000412	0	0.3016319549997206	0.8508604590006144	-441.8958204720002	['+']
v	38	444.4771268170007	0.10725373899913393	0.419549072999871	0	0.16312207200007833	0.7687896589995944	-444.4771268170007	['+']
v	39	446.77621862900014	0.24824672499926237	0.5696799679990363	0	0.10591206900153338	0.9022301059994788	-446.77621862900014	['-']
n	40	449.40887318500063	0.224706310998954	0.5362249489990063	0	0.019047794000471185	0.8687638920000609	-449.40887318500063	['+']
v	41	452.00811470699955	0.3043955430002825	0.6194652520007367	0	0.008379566998883092	0.9686790790001396	-452.00811470699955	['+']
n	42	454.50662694899984	0.03786826999930781	0.35357939999994414	0	0.15202234200023668	0.6861309760006407	-454.50662694899984	['+']
v	43	456.9232434360001	0.11790457899951434	0.4361998610002047	0	0.1405828319993816	0.7687351860004128	-456.9232434360001	['-']
n	44	459.42226586499964	0.09056621300078405	0.4031661150002037	0	0.09050616300100955	0.7522806449997006	0.5039148070009105	-
v	45	461.7047445600001	0.11198773300020548	0.41988097799912794	0	0.07942422600081045	0.7524700899994059	0.5529299749996426	-
n	46	464.1873794809999	0.36565330700068444	0.6864389290003601	0	0.04225292899991473	1.0189402729993162	0.7861264040002425	+
v	47	466.9370077620006	0.2478150890001416	0.569270598998628	0	0.08985690400095336	0.918494515999555	-466.9370077620006	['+']
v	48	469.3853793140006	0.39252920299986727	0.7034524999999121	0	0.11551905699980125	1.052655915998912	-469.3853793140006	['+']
[]	49	471.9682733160007	0.23321204199964995	0.5531853619995672	0	-472.5214586780003	0.9028649859992584	-471.9682733160007	['-']
v	50	474.4011768679993	0.14508074400146143	0.45279707400004554	0	0.02228989700142847	0.7853478870001709	0.5857761580009537	-
n	51	476.9165510090006	0.04434381499959272	0.3533562089996849	0	0.11039719500058709	0.6858927590001258	0.48639003099924594	+
v	52	479.3326696509994	0.02955374200064398	0.33653909799977555	0	0.119494855000994	0.6856905120002921	-479.3326696509994	['+']
n	53	481.54834500799916	0.17270213000119838	0.48672277400146413	0	0.08162224799980322	0.8359759530012525	-481.54834500799916	['-']
v	54	483.9142877459999	0.182857955000145	0.5033847380000225	0	0.01874451400090038	0.8359302549997665	0.569761254999321	-
n	55	486.48090366199904	0.4162486590012122	0.735927931000333	0	0.1076196340009119	1.085103508001339	0.9021689770015655	-
v	56	489.09562254400043	0.12187719999928959	0.43723196199971426	0	0.07977452899922355	0.7696350599999278	-489.09562254400043	['-']
n	57	491.59577789799914	0.1823579840001912	0.5028059470005246	0	0.5779955099997096	0.8525857870008622	0.5028317440010142	+
v	58	493.97824916100035	0.10315228999934334	0.41967194700009713	0	0.11903854299907835	0.7521774389988423	-493.97824916100035	['-']
n	59	496.46061730600013	0.07792674099982833	0.38649908600018534	0	0.11750269700041827	0.7190487480002048	-496.46061730600013	['+']
v	60	498.91002332099924	0.06727190200035693	0.3863342680015194	0	0.17232902299929265	0.7188823510005022	0.31973890000153915	-
v	61	501.3596239510007	0.20995170599962876	0.5193231089997425	0	0.0777496919990881	0.8684636549987772	-501.3596239510007	['+']
n	62	503.7579144600004	0.2275697980003315	0.5369175349987927	0	0.09402413000043452	0.8860936309993122	-503.7579144600004	['-']
v	63	506.17390133499975	0.021127259000422782	0.33689075199981744	0	0.19817586100089102	0.6694169340007647	0.43693942299978517	-
v	64	508.57383277999907	0.09243879600035143	0.4028251160016225	0	0.3403352589984934	0.7534385480012133	0.402851284999997	-
n	1	515.1945821129993	0.6315632470013952	0.9465107160012849	0	0.13587361499867256	1.295731023999906	1.079885290000675	-
v	2	518.0201751339991	0.18948045200158958	0.5035229700006312	0	0.20129405799980304	0.8526933720004308	-518.0201751339991	['+']
v	3	520.4032874650002	0.06367839899940009	0.36969473399949493	0	0.3683636390005631	0.7194702329998108	0.46973121799965156	-
n	4	522.6522869780001	0.13453315100014152	0.45328819699898304	0	0.13949411400153622	0.8024956669996754	0.5200437469993631	-
v	5	524.9848345850005	0.09688334400016174	0.40335279399914725	0	0.07290305200058356	0.7525946109999495	-524.9848345850005	['+']
n	6	527.2672949740008	0.246480840998629	0.5536336629993457	0	0.05630795900015073	0.8860687809992669	-527.2672949740008	['+']
v	7	529.8846665780002	0.2856077460000961	0.6019295200003398	0	0.1025678149990199	0.9511333499995089	-529.8846665780002	['+']
n	8	532.3658581050004	0.11593852199985122	0.43664142600027844	0	0.07469191600011982	0.769196496999939	0.43666772699907597	+
n	9	534.8660283680001	0.19979417300055502	0.5192949259999295	0	0.22782702399945265	0.8682199649992981	0.5857277300001442	-
v	10	537.2638815480004	0.23547140499977104	0.5537051589999464	0	0.05202843600000051	0.8862564339997334	-537.2638815480004	['-']
v	11	539.8805225590004	0.057502780999129754	0.36961154299933696	0	0.2431424380001772	0.7188499249987217	-539.8805225590004	['+']
v	12	542.1294570030004	0.10514106399932643	0.41996982299860974	0	0.14389648200176453	0.7525358729999425	-542.1294570030004	['-']
n	13	544.6121908000005	0.2544778100000258	0.5697356709988526	0	0.10341967600015778	0.9022693599999911	0.6365115789994888	+
v	14	547.2451692949999	0.10089196499939135	0.41941251599928364	0	0.1247962430015832	0.768509391000407	0.5856531350000296	+
n	15	549.5437001209993	0.1554750610011979	0.4700295359998563	0	0.05570438100130559	0.8192280550010764	0.436995112000659	-
v	16	551.8928986760002	0.15775641800064477	0.470119932999296	0	0.13043088500035083	0.8192841860000044	0.6044137669996417	+
n	17	554.2424366390005	0.09647182399930898	0.4031571209998219	0	0.10395690600034868	0.735704070999418	-554.2424366390005	['+']
n	18	556.7086006770005	0.35065934999875026	0.6694552449989715	0	0.18748587600111932	1.0020356280001579	-556.7086006770005	['+']
v	19	559.4411106770003	0.21837154899913003	0.5361385119995248	0	0.22029267900052218	0.8686945099998411	-559.4411106770003	['-']
v	20	562.0402882020007	0.28338732999873173	0.6028435129992431	0	0.14643471399995178	0.9353237209998042	-562.0402882020007	['-']
v	21	564.7060088800008	0.20816080699842132	0.5195486929987965	0	0.15609863800000312	0.8521237289987766	0.5530601599984948	-
v	22	567.2889893770007	0.24982674999955634	0.5690793139983725	0	0.23556103100145265	0.9182986649993836	0.7024472180000885	+
n	23	569.7378154390008	0.04858563399830018	0.3696290849984507	0	0.21022247200107813	0.7021019849998993	-569.7378154390008	['+']
v	24	572.1701964109998	0.1051618569999846	0.419832857000074	0	0.04764487800002826	0.7689462180005648	0.3531585439995979	+
n	25	574.4697487119993	0.08468570900004124	0.4029912420010078	0	0.092906677999963	0.7520486940011324	0.4030202379999537	-
v	26	576.7517504970001	0.2751074839998182	0.5867971749994467	0	0.0431861380011469	0.9358775959990453	-576.7517504970001	['+']
n	27	579.2176051189999	0.21000389599976188	0.5200762849999592	0	0.1400998350009104	0.8526184649999777	-579.2176051189999	['+']
v	28	581.8006323699992	0.2750868580005772	0.5862061730003916	0	0.17895283500092773	0.9187404990007053	-581.8006323699992	['-']
n	29	584.4499718749994	0.2247924650000641	0.5360521840011643	0	0.059803315999488404	0.8852338280012191	0.4694066930005647	-
v	30	586.8663138129996	0.040255431000332464	0.3522952860002988	0	0.0752693120002732	0.7015392060002341	0.3523210530001961	+
v	31	589.0979785519994	0.16189358399969933	0.46991137999975763	0	0.11830751900106407	0.8191394590012351	-589.0979785519994	['+']
n	32	591.4476249830004	0.10716882499946223	0.4195683479993022	0	0.09899853800106939	0.768805326999427	-591.4476249830004	['-']
n	33	593.7465989320008	0.3362426799994864	0.6531273459986551	0	0.17423730400059867	0.9856872099990142	0.6865559429988934	+
n	34	596.462928212999	0.3801327200017113	0.6859821610014478	0	0.1371334779987592	1.0184705190004024	-596.462928212999	['+']
v	35	599.2115203470003	0.27911840500019025	0.5864774759993452	0	0.32804608599963103	0.9356981229993835	0.7534785499992722	+
n	36	601.6774619049993	0.27728913700047997	0.5864115149997815	0	0.0781966430013199	0.9189812680015166	0.6532751070008089	+
v	37	604.3271026290004	0.2203631630000018	0.5359709980002663	0	0.15100651800003106	0.8851705739998579	0.5026875169987761	+
n	38	606.7422993799992	0.04446926499986148	0.35338027700163366	0	0.046452722000140056	0.7025880800010782	-606.7422993799992	['-']
v	39	608.9750141210006	0.25221835099910095	0.5700988569988112	0	0.1011769650003771	0.9191084479989513	-608.9750141210006	['+']
n	40	611.4245997100006	0.2423547789985605	0.5528535539997392	0	0.0127433640000163	0.9020801949991437	0.5528797079987271	-
v	41	613.8567986479993	0.2500814650011307	0.5698667730011948	0	0.07558220199916832	0.919160315001136	0.6033219939999981	+
n	42	616.3059090879997	0.05704284900093626	0.3700900460007688	0	0.026333688999329752	0.7026419300000271	-616.3059090879997	['+']
n	43	618.7392400249992	0.2318688020004629	0.5525852020000457	0	0.09047137300058239	0.8851345809998747	0.48596791100135306	+
v	44	621.3550251420002	0.31262685599904216	0.6192967009992572	0	0.06408624400046392	0.951852496000356	-621.3550251420002	['-']
n	45	624.0374648180004	0.23753929200029233	0.5526750619992526	0	0.048394501000984746	0.9018857739993109	-624.0374648180004	['-']
v	46	626.4691840760006	0.14994546900015848	0.4702483259989094	0	0.1309581480009001	0.8027780659995187	-626.4691840760006	['-']
v	47	629.0022109189995	0.2568590860009863	0.569766979000633	0	0.03472026699910202	0.9189064080001117	0.6694131029998971	+
n	48	631.4511024910007	0.07996846399873903	0.3867764989990974	0	0.07258466300027067	0.7359733359990059	-631.4511024910007	['-']
n	49	633.7170390440006	0.1260967870002787	0.4367743469993002	0	0.2527012040000045	0.7859867769984703	0.4702634269997361	-
v	50	636.0329138500001	0.2582538080005179	0.5702404170006048	0	0.06815490299868543	0.9026759940006741	-636.0329138500001	['-']
n	51	638.6658660119992	0.2818171100007021	0.6030251950014645	0	0.14568028899975616	0.935567186001208	-638.6658660119992	['+']
v	52	641.3315019139991	0.1598641510008747	0.46992289400077425	0	0.22113159099990298	0.8191103380013374	0.5700768780006911	+
n	53	643.6805544929994	0.21240515899989987	0.5201014850008505	0	0.03002358299909247	0.8526569519999612	-643.6805544929994	['+']
v	54	646.2635589999991	0.20373232300153177	0.5196009300016158	0	0.14349227299953782	0.8521627620011714	0.4863209110008029	-
v	55	648.8462788060006	0.18108784099968034	0.502818312999807	0	0.2096744939999553	0.8352711039988208	0.43611896699985664	-
v	56	651.4118869230006	0.27300016099979985	0.5862633479991928	0	0.24065472100028273	0.9354786980002245	0.55310230699979	+
n	57	653.8773388589998	0.15144909199989343	0.4701123340000777	0	0.051653801000611566	0.8193086880000919	0.6364440270008345	-
v	58	656.226780473	0.14496493399929022	0.45325092500024766	0	0.07874436399924889	0.7858268889995088	-656.226780473	['-']
n	59	658.7438259989995	0.26845228700040025	0.5853991050007608	0	0.03757946600035211	0.9345769280007516	0.71838905200093	-
v	60	661.2085744020005	0.26021300999855157	0.5698460949988657	0	0.08444314200005465	0.9024079149985482	-661.2085744020005	['-']
n	61	663.8414230199996	0.23547254000004614	0.5528309710007306	0	0.17263228200044978	0.9020861429999059	-663.8414230199996	['-']
[]	62	666.2738200139993	0.03379407900138176	0.3530943240002671	0	-666.6269143379996	0.7028390370014677	0.4539218050013005	-
v	63	668.5067687310002	0.2169371449999744	0.5360541249992821	0	0.1241797940010656	0.8685617259998253	0.7023853400005464	-
n	64	671.1063166130007	0.34655174699946656	0.6522656389988697	0	0.12037374100054876	1.0014846739995846	-671.1063166130007	['-']
n	1	679.3653803180005	0.5983625619992381	0.9071927709992451	0	0.11881898400042701	1.23973936999937	1.0072760349994496	+
v	2	682.3360278380005	0.22896916999889072	0.5357118539996009	0	0.07139587199981179	0.8849503669989645	-682.3360278380005	['+']
n	3	684.751213599	0.2606169600003341	0.5698038999998971	0	0.07814351899924077	0.9189928359992336	-684.751213599	['-']
v	4	687.2000963720002	0.021113404000061564	0.3368580570004269	0	0.11024344099951122	0.6694493979994149	0.3702884020003694	-
v	5	689.5995645910007	0.25236219599901233	0.5698722819997784	0	0.10223678700003802	0.9024284409988468	0.5034928309996758	-
n	6	692.2325215069995	0.22045482700013963	0.5361177419999876	0	0.11062958500133391	0.8853376400002162	0.6028326420000667	-
v	7	694.6477933120004	0.16438004599876876	0.4701666139990266	0	0.14534338599969487	0.8193007869995199	0.5368073259996891	+
n	8	696.9971638669995	0.05497624599956907	0.3700011420005467	0	0.18443163000029017	0.7192183950010076	0.5033874000000651	-
v	9	699.2462443240001	0.21438419299920497	0.5201773810003942	0	0.12891771999875346	0.8693852350006637	0.6202144929993665	+
n	10	701.6455605589999	0.1266168389993254	0.4368117739995796	0	0.10098799400020653	0.7693377089999558	0.5697641459992155	+
v	11	704.14516774	0.30012774399983755	0.620298792999165	0	0.0982954740002242	0.968888433999382	-704.14516774	['+']
n	12	706.6437024629995	0.168428937000499	0.4871644720005861	0	0.04460018299960211	0.8196098469998105	-706.6437024629995	['+']
n	13	709.1950718520002	0.08889135299978079	0.4018436810001731	0	0.058592242000486294	0.7508029719992919	-709.1950718520002	['-']
v	14	711.4759007749999	0.24144329999944603	0.5533618429999478	0	0.3061861720007073	0.9025175879996823	-711.4759007749999	['+']
n	15	713.9083647200005	0.2731643509996502	0.5867408939993766	0	0.1685184379994098	0.9359332570002152	-713.9083647200005	['-']
v	16	716.3744272280001	0.2943364019993169	0.6032247910006845	0	0.1981369139984963	0.9357950110006641	-716.3744272280001	['-']
v	17	719.0407822399993	0.30042301200046495	0.6194162460014923	0	0.14745577499979845	0.9519157280010404	0.6194448440000997	-
v	18	721.7237139919998	0.2731676139992487	0.5855894769993029	0	0.1784189480013083	0.9348287160009932	0.6523582490008266	+
n	19	724.1891226459993	0.07998741899973538	0.3861220990002039	0	0.08851237300132198	0.7188369539999258	0.5524430050008959	+
v	20	726.6383260300008	0.2860730139982479	0.6027506429982168	0	0.09466049900129292	0.9353103009998449	-726.6383260300008	['-']
v	21	729.3043469730001	0.2687541350005631	0.5859055969995097	0	0.10152603500046098	0.9351157099990814	-729.3043469730001	['+']
n	22	731.769387843	0.2990409930007445	0.6201222660001804	0	0.07430463299988332	0.9693315029999212	0.7197184790002211	-
v	23	734.2686836539997	0.14494946299964795	0.4533682500004943	0	0.0698139780006386	0.7859766540004784	0.5200764189994516	-
n	24	736.7845542779996	0.26043775099969935	0.5700250930003676	0	0.09332464700037235	0.9025619029998779	-736.7845542779996	['+']
v	25	739.4177663150003	0.3468159829990327	0.6532231969995337	0	0.12092192600084672	0.9851596119988244	-739.4177663150003	['-']
v	26	742.1333864419994	0.2643957310010592	0.5862055560010049	0	0.11236579900014476	0.9353760360008891	-742.1333864419994	['+']
n	27	744.5995167159999	0.22122952400059148	0.5359218939993298	0	0.06498564100093063	0.868465424000533	0.5359486910001579	+
n	28	747.1985292890004	0.3107795559990336	0.619470117999299	0	0.07002284999998665	0.9686300079993089	0.5861476890004269	-
v	29	749.6974151009999	0.3003138019994367	0.6198681879996002	0	0.13091111500125407	0.968957514000067	-749.6974151009999	['+']
n	30	752.1967355500001	0.09678143599921896	0.40304535900031624	0	0.1762971149992154	0.7522915549998288	0.536492138999165	-
v	31	754.4790613540008	0.3339380599991273	0.6532202339985815	0	0.15583463500024664	1.0024366639991058	0.7866501999997126	+
n	32	757.0116086500002	0.21859368900004483	0.536596837999241	0	0.043950711001343734	0.8691938539996045	0.5701214359996811	+
n	33	759.6111805239998	0.2585516609997285	0.569576063000568	0	0.12344593499892653	0.9187538919995859	-759.6111805239998	['-']
v	34	762.0599780909997	0.2569785640007467	0.5699741240005096	0	0.1383342140006789	0.9191800919998059	0.7362656589994003	+
n	35	764.5089224139992	0.24797658799980127	0.5535904140015191	0	0.11374242100009724	0.8861475100002281	-764.5089224139992	['+']
n	36	767.1255215620004	0.23150850199999695	0.5528688590002275	0	0.1379075869999724	0.902037226000175	-767.1255215620004	['-']
v	37	769.5576755410002	0.08850039699973422	0.4033494069990411	0	0.22331560800103034	0.7358662490005372	-769.5576755410002	['-']
v	38	772.0242418510006	0.1973903229991265	0.5025374509987159	0	0.08965058600097109	0.851887334998537	-772.0242418510006	['+']
n	39	774.4058633099994	0.22321616600129346	0.5368463920003705	0	0.17762167000091722	0.8861182079999708	0.7035621070008347	-
v	40	776.822513952	0.1595415369993134	0.46952515600059996	0	0.03636488400024973	0.8020221000006131	0.569184291000056	-
n	41	779.3546448809993	0.22708062200035783	0.5365188160012622	0	0.021313385998837475	0.8690797569997812	0.5032335860014427	+
n	42	781.9542132019997	0.30700469400107977	0.6194725839995954	0	0.09897227300007216	0.9686523510008556	-781.9542132019997	['-']
v	43	784.4531636150004	0.1283497249987704	0.43642828299925895	0	0.022938499000701995	0.7856518209991918	0.43645264800034056	+
n	44	786.7686163039998	0.09264110100048129	0.40360008199968433	0	0.10843457600003603	0.7528029990007781	0.40362698399985675	-
v	45	789.0514959949996	0.1618414810000104	0.4699606659996789	0	0.11118399899987708	0.819188782999845	0.4033489390003524	+
n	46	791.4008692240004	0.33240466299866966	0.6531184929990559	0	0.2346509019998848	1.0023323509994952	-791.4008692240004	['-']
n	47	793.9331871110007	0.17659168299906014	0.4867241550000472	0	0.1967413510001279	0.819297011999879	-793.9331871110007	['+']
v	48	796.4829712549999	0.3149580909994256	0.6362050940006156	0	0.3135315190002075	0.9686456449999241	-796.4829712549999	['-']
n	49	799.1819439560004	0.27942779699878884	0.5862811999995756	0	0.22454804599965428	0.9188380899995536	-799.1819439560004	['+']
v	50	801.8313768589996	0.30229323000094155	0.6194439009996131	0	0.19815030700101488	0.9519182050007657	-801.8313768589996	['-']
v	51	804.5139706459995	0.32346687900098914	0.6359040480001568	0	0.21096236900029908	0.9684350560000894	0.6025813550004386	-
v	52	807.2128269389996	0.18502000400076213	0.502899952000007	0	0.14930292200097028	0.852126619000046	-807.2128269389996	['+']
n	53	809.5952627139995	0.27516892600033316	0.5863439069999004	0	0.10738076000143337	0.9355702060001931	-809.5952627139995	['-']
v	54	812.0609138429991	0.1618170840010862	0.46999112000048626	0	0.15802891700059263	0.819197234000967	-812.0609138429991	['+']
n	55	814.4100474549996	0.2919720589998178	0.6033818619998783	0	0.22754224199979944	0.9359457190003013	0.5700801559996762	+
v	56	817.0765205560001	1.1296962939995865	1.4358280679989548	0	0.3286852680002994	1.7698160889995052	1.3692538109989982	-
n	57	820.5755167120005	0.26249150799958443	0.5693284609988041	0	0.18418278700028168	0.9185209779989236	0.6027192169985938	-
n	58	823.0241422719992	0.27078108600107953	0.5865619770011108	0	0.34237623599892686	0.9372195070009184	0.7533020930004568	-
v	59	825.4899901530007	0.21220590899974923	0.5199778359983611	0	0.25508236000041506	0.852529121999396	-825.4899901530007	['-']
n	60	828.0731451409993	0.3007262110004376	0.619309155999872	0	0.14891864400033228	0.9685242850009672	-828.0731451409993	['-']
v	61	830.5717486569993	0.28215239500059397	0.6032502430007298	0	0.24217184400094993	0.9524978959998407	0.6366347560015129	+
n	62	833.0546407349993	0.09498405399972398	0.40297850600109086	0	0.4318219099995986	0.7527237820013397	-833.0546407349993	['+']
v	63	835.3368068439995	0.2611153430007107	0.570100420000017	0	0.19035417900067841	0.9192594320011267	-835.3368068439995	['+']
n	64	837.7859964210002	0.2374998039995262	0.553456202000234	0	0.5097908279994954	0.9040162860001146	0.48684066100031487	+
n	1	905.1442337610006	1.4482990019987483	1.756957228999454	0	0.2451402920005421	2.106160526998792	-905.1442337610006	['-']
v	2	908.780407582999	0.30671813300068607	0.6200310930016713	0	0.13786745099878317	0.9691876180004328	-908.780407582999	['+']
n	3	911.2796458140001	0.23952500099949248	0.5533299729995633	0	0.13753527100107021	0.8858622579991788	0.520002466000733	+
v	4	913.8957260160005	0.31928252000034263	0.6364267019998806	0	0.0702228969994394	0.9855933950002509	0.6031292699990445	+
v	5	916.4115348020005	0.23556075600026816	0.553154438999627	0	0.19770491500003118	0.8857097979998798	-916.4115348020005	['-']
n	6	919.0276748849992	0.31553025399989565	0.6361987100008264	0	0.09879493300013564	0.9687185450002289	-919.0276748849992	['+']
v	7	921.7276216720002	0.30417587400006596	0.6187069959996734	0	0.024149759000465565	0.9512924259997817	0.7183611910004402	-
n	8	924.4090345120003	0.334139137999955	0.6531169890004094	0	0.03648952799903782	0.985692967000432	-924.4090345120003	['+']
v	9	927.1262119019993	0.233090252000693	0.5517810790006479	0	0.10084402499978751	0.9009699960006401	-927.1262119019993	['+']
n	10	929.5570980979992	0.07563319800101453	0.38683560700155795	0	0.08274052599972492	0.719383857000139	-929.5570980979992	['+']
v	11	932.0066166769993	0.3127224899999419	0.6198583090008469	0	0.11217036799916968	0.9523559469998872	0.7200177330014412	-
v	12	934.6899660700001	0.30940370399912354	0.6189163309991272	0	0.12580683000032877	0.9514979029991082	0.685651161998976	-
n	13	937.3717066339996	0.20391383500100346	0.5197198540008685	0	0.07139872399875458	0.8689370120009698	0.5531309520010836	-
v	14	939.7709829899995	0.285756802000833	0.6030336830008309	0	0.1808615269992515	0.9522132040001452	-939.7709829899995	['+']
n	15	942.2533833159996	0.31477660200107493	0.6365318429998297	0	0.008853816000737424	0.9856834570000501	0.5699486710000201	-
v	16	944.7693378490003	0.2708815219993994	0.586419051998746	0	0.09509766900100658	0.9356546439994418	0.7527192959987588	+
n	17	947.2349261880008	0.30984063699906983	0.6201251119982771	0	0.15590935200179956	0.9693281719992228	0.5868008409997856	-
v	18	949.7342327160004	0.25013429899991024	0.5699522979994072	0	0.04277926200029469	0.9191676439986622	0.7363053169992781	+
n	19	952.1833542349996	0.33622252700115496	0.653384143999574	0	0.05428181300067081	1.0025911610009643	-952.1833542349996	['-']
v	20	954.7166215870002	0.06746919899887871	0.3861349300004804	0	0.09221403599894984	0.7352670990003389	0.31945772799917904	+
n	21	956.9821563639998	0.3149240059992735	0.6364078160004283	0	0.18441929199889273	0.9856139959993016	-956.9821563639998	['-']
v	22	959.4977365609993	0.3588744480002788	0.6700255710002239	0	0.18733846499981155	1.002619016000608	-959.4977365609993	['-']
n	23	962.2300735469998	0.337915719999728	0.6535011550004128	0	0.19150638399969466	1.0027189430002181	-962.2300735469998	['-']
v	24	964.7629926739992	0.3171624980004708	0.6364579760011111	0	0.10764044100051251	0.9690450600010081	-964.7629926739992	['-']
n	25	967.4627645710007	0.37811759199939843	0.6858837409999978	0	0.1745185079989824	1.0183650009985286	0.7859213029987586	+
n	26	970.2127894969999	0.3234674230006931	0.6349395720008033	0	0.3394827109996186	0.9855796760002704	0.7683635329995013	-
v	27	972.7271339050003	0.304743149999922	0.6198696199990081	0	0.10422687900154415	0.9524002389989619	0.686548491999929	-
v	28	975.409738929	0.30264326900032756	0.6196981409993896	0	0.14183787500132894	0.9689252410007612	0.7530668819999846	+
n	29	977.9094351399999	0.2754638540009182	0.5865352540004096	0	0.13933512099993095	0.9351692529999127	-977.9094351399999	['-']
v	30	980.3749042250001	0.25821446100053436	0.5696675409999443	0	0.2747780870004135	0.9022140779998153	-980.3749042250001	['-']
n	31	983.0076427759996	0.12850122800045938	0.43613343899960455	0	0.14360428000054526	0.7686776030004694	-983.0076427759996	['+']
v	32	985.5068197559995	0.2939772330009873	0.6028413370004273	0	0.14980930100045953	0.9355528590003814	-985.5068197559995	['-']
n	33	988.1725451139991	0.27558518100158835	0.5863170020002144	0	0.16486521800015908	0.9354758850004146	0.7538990320008452	-
v	34	990.6393804920008	0.3128844599996228	0.6185889349999343	0	0.1935269799987509	0.951155866998306	0.5520111739988351	-
n	35	993.3210260390006	0.2711737190002168	0.5861311859989655	0	0.13639611400049034	0.9186725250001473	-993.3210260390006	['+']
n	36	995.9702521540003	0.23916397500033781	0.5527391569994506	0	0.29657295500055625	0.8853028190005716	-995.9702521540003	['+']
v	37	998.5860358009995	0.2791272860013123	0.5861174190013116	0	0.14346945099987352	0.9186767450009938	-998.5860358009995	['-']
n	38	1001.2350237200008	0.30932467299862765	0.6196295569989161	0	0.18098229699990043	0.9521727009996539	0.6196565459995327	+
v	39	1003.9179571490004	0.266869240998858	0.5859146629991301	0	0.30782685600115656	0.918421827000202	-1003.9179571490004	['-']
n	40	1006.5667009360004	0.32971149399963906	0.6362929779988917	0	0.08080752900150401	0.968825232999734	0.5696937819993764	+
n	41	1009.2659166319991	0.27920668800106796	0.586222504000034	0	0.3036287530003392	0.9188208330015186	-1009.2659166319991	['+']
n	42	1011.915578651	0.7973811179999757	1.1189999979997083	0	0.28145794499960175	1.4514529560001392	-1011.915578651	['+']
n	43	1015.0972582619997	0.23933618599949114	0.5531072539997695	0	0.17757117900055164	0.8856157230002282	-1015.0972582619997	['+']
v	44	1017.7131025559993	0.28768715300066106	0.603040559000874	0	0.14375495100011904	0.9523030340005789	-1017.7131025559993	['+']
n	45	1020.1953468320007	0.18267794999883336	0.5034380079996481	0	0.11313884599894664	0.8360956529995747	0.5367423089992371	+
v	46	1022.7618885920001	0.27915496300011	0.586001469000621	0	0.32007490399973904	0.9352430950002599	0.6527038929998525	+
n	47	1025.227110538999	0.12616902100126026	0.4367661640008009	0	0.21209017499950278	0.7859328620015731	-1025.227110538999	['-']
v	48	1027.5433017140003	0.2100708689995372	0.5197774440002831	0	0.2208958459987116	0.8689856229993893	-1027.5433017140003	['+']
n	49	1029.9423466009994	0.2904383479999524	0.603293730000587	0	0.09859405400038668	0.9525104310014285	-1029.9423466009994	['-']
n	50	1032.4249748029997	0.20806084300056682	0.5199215739994543	0	0.21924456100077805	0.8524536950008041	0.6199712520010507	+
n	51	1035.0076359560007	0.32955587600008585	0.6364614379999693	0	0.12806350699884206	0.9855953440001031	0.6698224550000305	-
v	52	1037.5233191909992	0.37408571900050447	0.6865867730011814	0	0.13030470200010313	1.03585574400131	0.7533158760015795	+
n	53	1040.0892994339993	0.08845466200000374	0.40322268400086614	0	0.12768276299993886	0.7357516760002909	-1040.0892994339993	['+']
n	54	1042.5566841180007	0.22888681599943084	0.5350197039988416	0	0.0885597759997836	0.8675652959991567	-1042.5566841180007	['+']
v	55	1045.1546416639994	0.34226467500047875	0.6528877780001494	0	0.2207650680002189	0.9854057259999536	0.619559990000198	-
v	56	1047.870584155	0.08242832600080874	0.40281349399992905	0	0.25092096500065963	0.7354081899993616	-1047.870584155	['-']
n	57	1050.3365996779994	0.24120299300011538	0.552649848999863	0	0.1391298460011967	0.9018639670011908	0.5526771730001201	-
v	58	1052.7686452050002	0.31270969300021534	0.6198053859989159	0	0.11997576500016294	0.9523569909997605	0.7540272739988723	-
v	59	1055.4515657110005	0.2705214019988489	0.5860624059987458	0	0.09481911000057153	0.9186489509993407	0.7525703619994601	-
n	60	1058.1002852969996	0.3254716280007415	0.6365353580004012	0	0.17967914800010476	0.9691082389999792	0.7699709500011522	+
v	61	1060.8002096719993	0.22494022300088545	0.5357475340006204	0	0.20460355100021843	0.8850422790001176	0.5357744220000313	+
n	62	1063.2151623009995	0.15411569500065525	0.47011564900094527	0	0.1433312589988418	0.802646920999905	0.5035249290012871	+
n	63	1065.7489793900004	0.3003481619998638	0.6187575000003562	0	0.1810249579984884	0.9680131819986855	-1065.7489793900004	['-']
v	64	1068.2469840180001	0.3064978570000676	0.6199923940002918	0	0.2658542250001119	0.9525206899998011	0.620019369000147	-
n	1	1076.1065654569993	0.5917774820009072	0.9077982930011785	0	0.14242334400023537	1.2403603700004169	-1076.1065654569993	['+']
v	2	1079.077652644999	0.3002772540003207	0.6193575000015699	0	0.1958305609996387	0.9517601750012545	0.6859024950008461	-
n	3	1081.7596114799999	0.21014549100073054	0.519797072000074	0	0.10150170100041578	0.8690148759997101	0.5531957099992724	-
v	4	1084.1588919130008	0.12242369199884706	0.4364422159997048	0	0.19355391299995972	0.7856686349987285	0.3698362239993003	+
n	5	1086.4744796510004	0.07999572299922875	0.38681907699901785	0	0.08762002700041194	0.7193388380001124	0.48769543999878806	+
n	6	1088.9246447120004	0.05290725799932261	0.36920948499937367	0	0.12710881499970128	0.7184406719989056	-1088.9246447120004	['-']
v	7	1091.1731325540004	0.14091469300001336	0.45333430000027874	0	0.21057896000002074	0.7859088669993071	-1091.1731325540004	['-']
v	8	1093.6890513590006	0.2728409319988714	0.5866646710001078	0	0.30531006199908006	0.919131065998954	-1093.6890513590006	['-']
v	9	1096.3387990110004	0.19955726899934234	0.5193849749994115	0	0.13091399899985845	0.8519126809987938	-1096.3387990110004	['-']
v	10	1098.9218552330003	0.28792161399906036	0.6021277460004058	0	0.11312613499922008	0.9513241509994259	-1098.9218552330003	['+']
n	11	1101.4031892349994	0.23953857400010747	0.553340307000326	0	0.19262904600054753	0.8859088190001785	0.5533848380000563	+
n	12	1104.0197212809999	0.2312763760000962	0.5526535370008787	0	0.20880066999870905	0.8852498480009672	-1104.0197212809999	['+']
n	13	1106.6349781999998	0.24798560599992925	0.5532524780010135	0	0.14504134499929933	0.8858131319993845	-1106.6349781999998	['+']
n	14	1109.2513821150005	0.3109039279988792	0.619438365998576	0	0.21460795500115637	0.9687875979998353	0.6527499869989697	-
v	15	1111.7500455400004	0.2602033040002425	0.569903911999063	0	0.15734702800091327	0.9024748259998887	0.5034265929989488	-
v	16	1114.3833184809992	0.0841244410003128	0.40255202400112466	0	0.2594892369988884	0.7350860820006346	-1114.3833184809992	['-']
n	17	1116.8496684090005	0.16826220999973884	0.48540485899866326	0	0.1903090820005673	0.8345927899990784	-1116.8496684090005	['-']
v	18	1119.214242295	0.10981539599924872	0.4200777280002512	0	0.3230836439988707	0.7693061280006077	-1119.214242295	['+']
n	19	1121.5133669419993	0.08221907500046655	0.4035818840002321	0	0.3125037470008465	0.7527773870006058	0.5369442740011436	-
v	20	1123.7966705809995	0.24581475200102432	0.5528642580011365	0	0.2160526759989807	0.8853783610011305	-1123.7966705809995	['-']
n	21	1126.412337235999	0.16601263900156482	0.48638989200117067	0	0.0907915839989073	0.8355868910002755	0.5873093030004384	-
v	22	1128.7778466399996	0.2645542820009723	0.5700915460001852	0	0.10563842499959719	0.902701793000233	-1128.7778466399996	['-']
n	23	1131.411085747999	0.15139998400081822	0.46937202400113165	0	0.037143971999284986	0.8186021330002404	0.43608591000156594	-
v	24	1133.75957844	0.08283371099969372	0.4035284519995912	0	0.05851915900075255	0.7527782020006271	-1133.75957844	['+']
n	25	1136.0422234119997	0.2563884940009302	0.5701291200002743	0	0.12131079799928557	0.9193075590010267	0.5368212789999234	-
v	26	1138.4914945929995	0.2150399660004041	0.5367342210010975	0	0.002310766999471525	0.8692954939997435	-1138.4914945929995	['-']
n	27	1141.0917646790003	0.4789384309988236	0.7856064459992922	0	0.09640357800071797	1.1181496680001146	-1141.0917646790003	['+']
v	28	1143.9402387640002	0.5035376769992581	0.8195953029990051	0	0.10992651200012915	1.152105766999739	0.8196228929991776	-
n	29	1146.8229789109992	0.10743946799993864	0.419335194001178	0	0.09150824600055785	0.7686644969999179	-1146.8229789109992	['-']
v	30	1149.1214910340004	0.17699501599963696	0.4867996859993582	0	0.16568486000051053	0.8193259769996075	-1149.1214910340004	['-']
v	31	1151.671385533	0.2122647380001581	0.519397726000534	0	0.10313221199885447	0.8686117109991756	0.5194238500007486	+
n	32	1154.0701048270003	0.1492664750003314	0.4699831059988355	0	0.09807275300136098	0.8025224989996786	0.536688697999125	+
v	33	1156.602852553	0.312944029999926	0.6196957899992412	0	0.09542659999988246	0.9522361809995346	-1156.602852553	['-']
v	34	1159.285610723	0.1493754450002598	0.46951014200021746	0	0.1630149540005732	0.8186632300003112	0.402829094999106	+
n	35	1161.6341618320002	0.29652001800059224	0.6034406449998642	0	0.2564317000005758	0.936061307998898	-1161.6341618320002	['+']
n	36	1164.3009110069997	0.3024713579998206	0.6191979770010221	0	0.14201778099868534	0.9517620700007683	-1164.3009110069997	['+']
v	37	1166.9832738700006	0.26052344999880006	0.5693737969995709	0	0.17348668800059386	0.9019043649986997	0.7360305029997107	-
n	38	1169.6158201590006	0.25205034499958856	0.5693269049988885	0	0.04502500100079487	0.9019002799996088	-1169.6158201590006	['+']
n	39	1172.2485869909997	0.32328237100045953	0.6356747909994738	0	0.12194395599999552	0.9849559240010421	-1172.2485869909997	['-']
v	40	1174.7636184830008	0.24783579499853658	0.5532580700000835	0	0.07339070599937259	0.9024404889987636	0.6863033769986941	+
n	41	1177.1960444739998	0.20796039600099903	0.5200511830007599	0	0.13033244899907004	0.8525950839994039	0.654475311999704	+
v	42	1179.779119576	0.18491223899945908	0.5028873569990537	0	0.1403222150011061	0.8353873800006113	0.6691560609997396	-
n	43	1182.3445902149997	0.2834759569996095	0.6032084569997096	0	0.05083731900140265	0.9357455009994737	0.5699552080004651	+
v	44	1185.0109167890005	0.2731951859987021	0.5860355379991233	0	0.08951854200040543	0.9352328779987147	-1185.0109167890005	['+']
n	45	1187.47611589	0.2797515839993139	0.586717445999966	0	0.05559641499985446	0.9359511959992233	0.5201098819998151	-
v	46	1189.942262003	0.23739444599959825	0.553155722000156	0	0.07108936399981758	0.902531079000255	-1189.942262003	['+']
n	47	1192.3746597850004	0.23752423800033284	0.5533786289997806	0	0.11846441599936952	0.8858716119993915	0.7196764500004065	+
n	48	1194.9912420399996	0.28416693399958604	0.6025630580006691	0	0.3247593690002759	0.9517843300000095	0.7026124399999389	-
v	49	1197.4729816910003	0.3068802769994363	0.6200937260000501	0	0.1215796259994022	0.9693036429998756	0.6534309849994315	+
n	50	1199.9722495650003	0.14304733799872338	0.4533951209996303	0	0.10095770399948378	0.8025961029998143	0.586426013000164	-
n	51	1202.3050513950002	0.2353935150003963	0.5531348660006188	0	0.0925016549999782	0.8857119469994359	-1202.3050513950002	['+']
n	52	1204.9218248140005	0.26680471599865996	0.5855444799999532	0	0.1073342829995454	0.9347694810003304	0.5855710809992161	-
v	53	1207.3875583190002	0.19197937500030093	0.5024620549993415	0	0.12471917600032612	0.8349483000001783	-1207.3875583190002	['-']
n	54	1209.9531573980003	0.17873760700058483	0.4859884309989866	0	0.1516533280000658	0.835218657999576	-1209.9531573980003	['-']
v	55	1212.3183546889995	0.11787942800037854	0.4367391440009669	0	0.03572551399975055	0.769296848000522	0.5030956780010456	-
v	56	1214.8178498270008	0.2353519669995876	0.5531437259996892	0	0.16389874499964208	0.9023258419983904	0.6531686679991253	+
n	57	1217.2499038770002	0.6911025839999638	1.003646225999546	0	0.20171124799981044	1.3360333519995038	-1217.2499038770002	['+']
n	58	1220.316531261	0.2630931679996138	0.5693721139996342	0	0.15305463500135374	0.9019538200009265	-1220.316531261	['+']
v	59	1222.9488886340005	0.2709462099992379	0.5862589309999748	0	0.111823717000334	0.9353907029999391	0.6528930229997059	+
n	60	1225.414490907	0.2058759960000316	0.5198496379998687	0	0.0406793980009752	0.8523656279994611	-1225.414490907	['+']
n	61	1227.9979729309998	0.23940037700049288	0.5521838759996172	0	0.1448367290004171	0.8847458750005899	0.5865268699999433	+
v	62	1230.6132043399994	0.2794077569997171	0.5861471710013575	0	0.12770860699947661	0.9353526930008229	0.552831861001323	+
n	63	1233.0785382529994	0.1891668300013407	0.5034091280012944	0	0.06536267799947382	0.8359229079997021	0.6697599140006787	+
v	64	1235.6448823230003	0.3278321830002824	0.6361961900001916	0	0.10209834099896398	0.9687953640004707	-1235.6448823230003	['-']
n	1	1242.3894862809993	0.3756099450001784	0.6894559980009944	0	0.0803384159999041	1.0386535540001205	-1242.3894862809993	['-']
v	2	1244.9582124619992	0.2226225260001229	0.5366463240006851	0	0.16882343899942498	0.885854318001293	-1244.9582124619992	['+']
n	3	1247.3739256850004	0.26302844699966954	0.5701691590002156	0	0.1516067969996584	0.9193641919991933	0.5035817829993903	-
v	4	1249.82325261	0.22073978200023703	0.5367154870000377	0	0.15177875199970003	0.8859433159996115	-1249.82325261	['+']
n	5	1252.2392852129997	0.3173236900001939	0.6365737260002788	0	0.18746132099931856	0.98576589699951	0.7366254869994009	-
v	6	1254.7549702689994	0.22529852300067432	0.5368278180012567	0	0.10764626800028054	0.8860019760013529	0.6368453430004593	+
n	7	1257.1710720899991	0.19332656799997494	0.5033477880006103	0	0.10141782400114607	0.835843383001702	0.5700135910010431	+
n	8	1259.7375078040004	0.17069867200007138	0.486058870999841	0	0.13605502399968827	0.8352585920001729	-1259.7375078040004	['-']
v	9	1262.1028510369997	0.18144668400054798	0.5033042159993784	0	0.06562209200183133	0.8358294730005582	0.47013130599953	-
n	10	1264.6694737460002	0.2309728799991717	0.5525083749998885	0	0.2896377269998993	0.8850540959992941	-1264.6694737460002	['+']
n	11	1267.2852744810007	0.24778369999876304	0.569203197999741	0	0.19315939799980697	0.9184369509985117	0.6026573049985018	-
v	12	1269.7338837780007	0.22271152699977392	0.536558496998623	0	0.15325786999983393	0.8691189319997648	0.536584376999599	-
n	13	1272.3336939180008	0.4072585639987665	0.7192621119993419	0	0.11491160199966544	1.0683745989990712	0.8855417629984004	-
v	14	1274.9326974340001	0.21639118299935944	0.5362332519998745	0	0.12283553200086317	0.8686012269990897	0.5362591699995392	-
n	15	1277.5325986019998	0.2399849939993146	0.5520606709997082	0	0.09117327100011607	0.8845555749994674	-1277.5325986019998	['+']
v	16	1280.147467364999	0.06530000000020664	0.38639847000013106	0	0.11404543600019679	0.735585621001519	0.48642787900098483	+
n	17	1282.4129991739992	0.36088608000136446	0.6701866070015967	0	0.2366429599996991	1.002581682001619	-1282.4129991739992	['+']
v	18	1285.1459115590005	2.787235169998894	3.102164695999818	0	0.14394740399893635	3.451382321998608	-1285.1459115590005	['+']
n	19	1290.1273644369994	0.2455930280011671	0.5533110320011474	0	0.16758020399993256	0.9025496590002149	-1290.1273644369994	['-']
n	20	1292.5597805950001	0.2141204639992793	0.52016509600071	0	0.336385978999715	0.870720839000569	-1292.5597805950001	['+']
n	21	1295.1597827000005	0.24559855699953914	0.5526151609992667	0	0.1357012640009998	0.8851838279988442	-1295.1597827000005	['+']
n	22	1297.7752458689993	0.27777676500045345	0.5863497740010644	0	0.09456611199948384	0.9188864260013361	0.7193806180002866	+
v	23	1300.424748768999	0.04426954200062028	0.3527539840015379	0	0.1509169920000204	0.6852972360011336	0.2861488800008374	-
n	24	1302.8407167530004	0.27743970499977877	0.5859397049989639	0	0.26969066800029395	0.9185092249990703	-1302.8407167530004	['+']
v	25	1305.490611497	0.32334684600027686	0.6352104249999684	0	0.16242826799953036	0.9844065409997711	-1305.490611497	['+']
n	26	1308.0049443589996	0.2000763089999964	0.5203372770010901	0	0.11527510299947608	0.8693369860011444	-1308.0049443589996	['-']
v	27	1310.4042804399996	0.12892643099985435	0.436794885999916	0	0.19124097999974765	0.7693004890006705	-1310.4042804399996	['-']
v	28	1312.9046284779997	0.26041547000022547	0.5688839619997452	0	0.1748402769999302	0.9014461690003372	-1312.9046284779997	['-']
v	29	1315.5362212500004	0.2856701719992998	0.603152642999703	0	0.23702789899925847	0.9523414010000124	0.6031794480004464	+
n	30	1318.0188660500007	0.18707961099971726	0.5030754969993723	0	0.19869100699997944	0.8356093859983957	-1318.0188660500007	['+']
v	31	1320.5851947690007	0.2521436899987748	0.5692312219998712	0	0.32612758799859876	0.9185171149983944	0.6026300489993446	+
v	32	1323.0337398560005	0.2521714369995607	0.5699333479988127	0	0.3248480730007941	0.9040802950003126	-1323.0337398560005	['-']
n	33	1325.6665217139998	0.1870272100004513	0.5029846369998268	0	0.15104537200113555	0.8355516770006943	0.46977550399969914	+
v	34	1328.232317131	0.16590839700074866	0.4864048229992477	0	0.2259032540014232	0.8189996279998013	0.5531282100000681	-
n	35	1330.7819477110006	0.2163711429984687	0.5359636579996732	0	0.17873328199948446	0.8852395939993585	0.6027186439987418	-
v	36	1333.1971399430004	0.10502218199872004	0.42006740599936165	0	0.16745233799974812	0.769263267999122	0.45348564099913347	+
n	37	1335.4964710919994	0.22260210500098765	0.5367707300010807	0	0.19961848999901122	0.8858510160007427	-1335.4964710919994	['-']
n	38	1337.9126530960002	0.12592210399998294	0.436474262000047	0	0.3483484359994691	0.7872406160004175	-1337.9126530960002	['+']
v	39	1340.4289902109995	0.25648943499982124	0.5692064200011373	0	0.2506152039995868	0.9017828030009696	-1340.4289902109995	['-']
n	40	1343.0612720600002	0.06538389900015318	0.386171258000104	0	0.20939623699905496	0.7354028690006089	-1343.0612720600002	['-']
n	41	1345.3266099779994	0.11154053000063868	0.42021892100092373	0	0.2540584169992144	0.752699427999687	-1345.3266099779994	['+']
v	42	1347.809990021	0.21217711600002076	0.5192312799990759	0	0.35208128100111935	0.869018891999076	0.6526552619998256	+
n	43	1350.2085525900002	0.18104392999885022	0.4866244780005218	0	0.20975522999924578	0.8192048649998469	0.45339498599969374	+
v	44	1352.7579964630004	0.13689250999959768	0.4531043139995745	0	0.2859149810001327	0.802266120999775	0.6197350250004092	+
n	45	1355.090477787	0.08421524299956218	0.40318213299906347	0	0.0753500000000713	0.7357549129992549	0.4032085470007587	+
[]	46	1357.5567829430001	0.121926079998957	0.4360999599994102	0	-1357.9928829029996	0.7859219479996682	0.5029356260001805	+
n	47	1359.8724680300002	0.22134056799950486	0.5363521239996771	0	0.17625303700060613	0.8855450360006216	-1359.8724680300002	['-']
v	48	1362.2880090149993	0.24580431600043084	0.5533827200015367	0	0.0637238539993632	0.9025765060014237	0.48672742400049174	+
n	49	1364.7206501340006	0.14915448799911246	0.47000906499852135	0	0.08261632800076768	0.819181735998427	-1364.7206501340006	['-']
n	50	1367.0709281990003	0.2793113110001286	0.5855881930001487	0	0.3127514029993108	0.9348033240003133	0.7189957569989929	-
v	51	1369.5358751069998	0.05483598899991193	0.36993601600079273	0	0.07943795200026216	0.7024995669999043	-1369.5358751069998	['-']
n	52	1371.9682446530005	0.47037404099864943	0.7866719199992076	0	0.11875758400037739	1.1359282909998	0.9208201129986264	-
v	53	1374.634173724	0.33210886499909975	0.6532831999993505	0	0.13786838900068688	1.0025111510003626	-1374.634173724	['+']
n	54	1377.166869618999	0.1433366670007672	0.45319615400148905	0	0.15729648099932092	0.8024128390006808	0.4865633820008952	-
v	55	1379.4989615369996	0.33176638100121636	0.6537622870000632	0	0.15294995500062214	0.9861900470004912	-1379.4989615369996	['-']
v	56	1382.2164385729993	0.2940517440001713	0.6019983240003057	0	0.3269949049999923	0.9359409400003642	-1382.2164385729993	['-']
v	57	1384.8809260809994	0.30241817200112564	0.6200174790010351	0	0.1487984069999584	0.9692046930013021	0.7863552150010946	+
n	58	1387.379962125	0.16226432000075874	0.470304065000164	0	0.08724377899943647	0.802791841000726	-1387.379962125	['+']
n	59	1389.9133317619999	0.2540024709996942	0.5693786739993811	0	0.19083133900039684	0.9186000720001175	0.6694552659992041	-
v	60	1392.3620541580003	0.22910924300049373	0.5365683759991953	0	0.13497375800125155	0.8857859139989159	-1392.3620541580003	['+']
n	61	1394.7777077169994	0.06962407399987569	0.3868645069997001	0	0.14103084500038676	0.7360539140008768	0.3536565510003129	-
n	62	1397.0438047829994	0.18705435800075065	0.5034208760007459	0	0.3029370829999607	0.8525538590001815	0.670043075000649	-
v	63	1399.4262808309995	0.22056390900070255	0.5368764650011144	0	0.3185532029992828	0.8707101809995947	-1399.4262808309995	['-']
v	64	1402.0269572029993	0.2755844769999385	0.5852783890004503	0	0.18168205700112594	0.9344909050014394	0.5186605680009961	+
n	1	1419.9439103740006	1.0720315130001836	1.3792259579986421	0	0.15889547700044204	1.71167686499939	-1419.9439103740006	['+']
n	2	1423.3862004740004	0.3170135050004319	0.6359941049995541	0	0.11601878700002999	0.9851943489993573	0.6693581919989811	-
v	3	1425.901442507	0.1454914240002836	0.45332573899941053	0	0.21564008400036982	0.8026474289999896	-1425.901442507	['+']
n	4	1428.2344887950003	0.2373882819993014	0.5528831789997639	0	0.1989234109996687	0.9021095159987453	-1428.2344887950003	['-']
v	5	1430.6667132309994	0.07760283300012816	0.38660886300021957	0	0.42082744500021363	0.7364565080006287	0.45334479400116834	-
v	6	1432.9326181449997	0.12234791400078393	0.43664732900106173	0	0.15297746599844686	0.7858576070011623	-1432.9326181449997	['+']
n	7	1435.248241886	0.2627211189992522	0.5702937219994055	0	0.3364869450006154	0.920910812999864	-1435.248241886	['+']
v	8	1437.8983487669993	0.31703315100094187	0.635942425000394	0	0.19601473599959718	0.9685261340000579	-1437.8983487669993	['-']
v	9	1440.5973453440001	0.2500868629995239	0.5694517619995167	0	0.25155133200041746	0.9020412200006831	-1440.5973453440001	['-']
v	10	1443.2302291279993	0.12190948900024523	0.43578296400119143	0	0.20840637799938122	0.7850322470003448	-1443.2302291279993	['+']
n	11	1445.5455965189994	0.2542339860010543	0.5696880840005178	0	0.22312340200096514	0.9188813460004894	0.503071989000091	-
n	12	1447.9948154489994	0.2205284860010579	0.5364137249998748	0	0.20729425600165996	0.8855889260012191	0.6030821029999061	-
v	13	1450.4111169019998	0.20403971199993975	0.5193283250009699	0	0.17610105199946702	0.8518793799994455	0.4860413010010234	-
v	14	1452.9934076869995	0.029872891000195523	0.33633878900036507	0	0.20875793100003648	0.66889374800121	-1452.9934076869995	['-']
v	15	1455.3929294089994	0.23101722700084792	0.5525899439999193	0	0.3210005530008857	0.8866427510001813	-1455.3929294089994	['-']
n	16	1458.008511300999	0.21624435800003994	0.5362143000002106	0	0.18596244000127626	0.86876660300004	0.6362675280015537	+
v	17	1460.6073182399996	0.1282505930012121	0.4366089670002111	0	0.2786213070003214	0.7858205089996773	-1460.6073182399996	['+']
n	18	1462.923166179	0.1240842099996371	0.43675612500010175	0	0.1627993169995534	0.7859019749994332	-1462.923166179	['-']
v	19	1465.239383319	0.1280288500001916	0.4363978010005667	0	0.238942318998852	0.7689636670002074	0.36979238400090253	-
n	20	1467.7386758979992	0.18900751399996807	0.503582973000448	0	0.13664136399984272	0.8355528339998273	-1467.7386758979992	['+']
v	21	1470.3045669540006	0.14308072199855815	0.4530463039991446	0	0.1814360090002083	0.8021835929994268	0.5863749979998829	+
n	22	1472.6367164189996	0.19545519600069383	0.5034078749995388	0	0.29465027900096175	0.8526102300002094	0.5034356500000285	-
n	23	1475.0198919489994	0.20369856800061825	0.519481868001094	0	0.2234948399991481	0.8520641410013923	0.5862451040011365	+
n	24	1477.6025149119996	0.2941214130005392	0.6028329969994957	0	0.2455799190001926	0.9352297679997719	-1477.6025149119996	['+']
n	25	1480.2681764610006	0.24389782999969611	0.5529766809995635	0	0.2778457859994887	0.8854248070001631	0.5195707969996874	+
v	26	1482.8845129260008	0.25208403799842927	0.5690855519987963	0	0.2613967050010615	0.9015971649987478	-1482.8845129260008	['-']
v	27	1485.5165125919993	0.2037179440012551	0.5196054590014683	0	0.2389303439986179	0.868839057000514	0.5196325090000755	+
n	28	1487.9152769569992	0.10941457000080845	0.4201176400001714	0	0.1476615170004152	0.752810269001202	0.520147552000708	+
n	29	1490.3987081310006	0.20155136899848003	0.5191953649991774	0	0.26133570299953135	0.8517434589994082	-1490.3987081310006	['+']
v	30	1492.9809915549995	0.37151780299973325	0.6860597550003149	0	0.22410960999968665	1.035284118999698	-1492.9809915549995	['+']
v	31	1495.5462929170008	0.13457159599965962	0.45334702499894775	0	0.1796049659997152	0.78589983099846	-1495.5462929170008	['-']
n	32	1498.0627007570001	0.14528297899960307	0.45280103699951724	0	0.36771892399974604	0.8025788129998546	-1498.0627007570001	['+']
n	33	1500.3958337210006	0.19624370699966676	0.5022608660001424	0	0.15314182699967205	0.8515457109988347	-1500.3958337210006	['-']
v	34	1502.7773997479999	0.21459893000064767	0.5199728770003276	0	0.16994223399979091	0.8691716760004056	0.5866683879994525	+
n	35	1505.1764167109995	0.2166679980000481	0.5368692009997176	0	0.08222796000063681	0.8860758390001138	0.669864936000522	-
v	36	1507.5926382519992	0.11984987200048636	0.4365791670006729	0	0.13413959000081377	0.7691225270009454	-1507.5926382519992	['-']
n	37	1510.0923840939995	0.15568621500096924	0.46935841500089737	0	0.16170803099976183	0.8019392910009628	0.46938496000075247	+
n	38	1512.6246618549994	0.21625719100120477	0.5362886490001983	0	0.09875067200027843	0.885480226999789	-1512.6246618549994	['-']
v	39	1515.0402871499991	0.19323339900074643	0.503257141001086	0	0.24400814499949774	0.8357899310012726	-1515.0402871499991	['-']
n	40	1517.6067704569996	0.18543894200047362	0.5025939509996533	0	0.11817806000090059	0.851810561000093	-1517.6067704569996	['-']
n	41	1519.9886084530008	0.09267717900002026	0.4033743879990652	0	0.3157375580003645	0.7359512029997859	-1519.9886084530008	['+']
v	42	1522.4550944300008	0.2331021840000176	0.5530394139987038	0	0.13952848200005974	0.885280206999596	-1522.4550944300008	['-']
n	43	1525.0712843719994	0.23322345999986283	0.5523829360008676	0	0.3079998290004369	0.8849512270007835	-1525.0712843719994	['+']
v	44	1527.6869236580005	0.7455573949991958	1.052422253000259	0	0.3124004519986556	1.4016766069998994	1.085880130998703	+
n	45	1530.6186922720008	0.22239760399861552	0.5365775629998097	0	0.16067088299951138	0.8858083809991513	-1530.6186922720008	['-']
v	46	1533.0344028470008	0.08630158099913388	0.4035649839988764	0	0.17385696200017264	0.7526979809990735	0.5701856749983563	+
n	47	1535.3171282019994	0.3073931430008088	0.6200018680010544	0	0.09076616899892542	0.9692129009999917	0.6534179120008048	-
v	48	1537.8160172989992	0.18503192800017132	0.5036769560010725	0	0.148319132999859	0.8362290820005001	0.603722486001061	-
n	49	1540.3826127249995	0.20194039000125485	0.5196164560002217	0	0.15769231899957958	0.8688044040009117	0.652969591999863	-
v	50	1542.782258411	0.20361389800018515	0.5193203250000806	0	0.10236886300026526	0.8684267579992593	0.4525941709998733	+
n	51	1545.1806924369994	0.29190824900069856	0.6033212439997442	0	0.17996409000170388	0.9358727819999331	0.5700820980000572	+
n	52	1547.8474540700008	0.24976122199950623	0.5691769799996109	0	0.21961358200042014	0.9184512439987884	0.7357782029994269	-
v	53	1550.2959254180005	0.17672536399913952	0.48653963299875613	0	0.14163100700079667	0.8357479539990891	0.41991693199997826	+
n	54	1552.6612525279997	0.27562537899939343	0.5871633030001249	0	0.3476520789999995	0.9383671750001668	-1552.6612525279997	['+']
n	55	1555.3289041499993	0.23987618099999963	0.5519896910009265	0	0.2032447890005642	0.9011777579999034	0.7186597859999893	-
v	56	1557.7603092890004	0.1285397239989834	0.4365206089987623	0	0.19133541800056264	0.769060343000092	0.43654790700020385	-
n	57	1560.2595848010005	0.1743452350001462	0.4864077679994807	0	0.16220533599971532	0.8356975369988504	0.5864697929991962	-
v	58	1562.6252192779993	0.2163180610004929	0.5366909280000982	0	0.21876649400019232	0.885990793000019	0.570125864000147	+
n	59	1565.041273027	0.3527821040006529	0.6698508789995685	0	0.14927875000012136	1.0023893590005173	-1565.041273027	['+']
v	60	1567.7741557530007	0.34015311999974074	0.6528445599997212	0	0.321337518999826	0.9867693039996084	-1567.7741557530007	['-']
n	61	1570.490244437	0.2877132689991413	0.6025420999994822	0	0.14358284900026774	0.9517361149992212	0.5692770429996017	-
v	62	1572.9721642820004	0.2943796719991951	0.6032683809989976	0	0.12500487300076202	0.9523834289993829	-1572.9721642820004	['+']
v	63	1575.4547036139993	0.2269289750001917	0.5366407010005787	0	0.2051127999993696	0.8857615779998014	0.7032155760007299	+
n	64	1577.8704971410007	0.35496157399938966	0.6699691289995826	0	0.10421909500018955	1.0024749739986873	0.8029793699988659	+
v	1	1610.1549573569991	9.543646347001413	9.855911719001597	0	0.24229179799931444	10.18837452400112	9.822509609000917	-
n	2	1622.0739844830005	0.30419007299860823	0.6193303009986266	0	0.17587989500043477	0.9685033879995899	0.5527052679990447	-
v	3	1624.572453531	0.3174288059999526	0.6367338660002133	0	0.1800664289994529	0.969296958999621	-1624.572453531	['-']
n	4	1627.2720954270007	0.34641827099949296	0.652877301999979	0	0.28825398800017865	0.9854690059983113	0.8195751489984104	+
n	5	1629.9876670539998	0.29434389699963504	0.6031274580000172	0	0.19869540799936658	0.9356988010003988	-1629.9876670539998	['+']
v	6	1632.6536336099998	0.34859511899958306	0.6696750749997591	0	0.170047971000713	1.0188438389996008	-1632.6536336099998	['+']
n	7	1635.2027188409993	0.0400867879998259	0.3532749580008385	0	0.24944234899976436	0.6857398940010171	0.48652596900137723	+
v	8	1637.6187239520004	0.31131748000007065	0.619691227999283	0	0.1830490380007177	0.9688936330003344	0.6531052520003868	+
n	9	1640.1174981210006	0.07660709399897314	0.38685427499876823	0	0.24510794400066516	0.7194360269986646	0.3535747759997321	+
v	10	1642.5667996859993	0.2918369880007958	0.603394465000747	0	0.17132809399936377	0.9526079400002345	-1642.5667996859993	['+']
n	11	1645.0496714140008	0.13667492799868342	0.4531869079983153	0	0.2626324780003415	0.7856627579985798	-1645.0496714140008	['+']
v	12	1647.566503	0.27582906799943885	0.585502448000625	0	0.24558604299909348	0.9346753110003192	0.5855302380005014	+
n	13	1650.0313312020007	0.09894387999884202	0.41990778599938494	0	0.11436890499953734	0.7525039879983524	0.5529457799984812	+
n	14	1652.5135513299992	0.216829166000025	0.536859091000224	0	0.20326293900052406	0.8701514180011145	-1652.5135513299992	['+']
n	15	1655.1136859750004	0.26468188499893586	0.5859297030001471	0	0.17009557199980918	0.9184951609986456	0.6526611299996148	+
n	16	1657.7626110809997	0.2797842109994235	0.5862090989994613	0	0.08895119200042245	0.9353771490004874	0.6195561790009378	-
n	17	1660.2280081320005	0.05480109899872332	0.37007198900028015	0	0.22371220699915284	0.7193564579993108	-1660.2280081320005	['-']
v	18	1662.4782095190003	0.10965337400011776	0.4192254600002343	0	0.10844776300018566	0.7517169539987663	-1662.4782095190003	['-']
n	19	1664.9608492400002	0.3697364210001979	0.6856488749999698	0	0.0626686219993644	1.0182167049988493	0.7532013950003602	+
n	20	1667.7100427690002	0.1725329069995496	0.4857200970000122	0	0.12216532299953542	0.8181968509998114	-1667.7100427690002	['+']
n	21	1670.2587643089992	0.21627946100124973	0.5362569910012098	0	0.12206531100036955	0.8853425500001322	-1670.2587643089992	['-']
n	22	1672.6740051279994	0.0806856079998397	0.3868452400001843	0	0.2652718220006136	0.7360462380001991	-1672.6740051279994	['-']
v	23	1674.940342333999	0.13426416800029983	0.4530889780016878	0	0.1330433159992026	0.802307367001049	0.4531156400007603	+
n	24	1677.272887912999	0.18706013100018026	0.5031505760016444	0	0.16612838499986537	0.8357053080017067	0.6032041670005128	+
n	25	1679.8393369259993	0.3155080000015005	0.6358892010011914	0	0.07500891600011528	0.9684031770011643	0.8021941799997876	+
n	26	1682.5374891760002	0.2499056529995869	0.5701977779990557	0	0.15449186300156725	0.9194367489999422	-1682.5374891760002	['-']
n	27	1684.9869658839998	0.23983374599993112	0.5532812670007843	0	0.34597769300035	0.9039487490008469	0.6866775449998386	-
v	28	1687.4196845040005	0.15973868800028868	0.4698298139992403	0	0.1407700219997423	0.8190535529993213	0.40323418399930233	+
n	29	1689.7689802730001	0.2583906300005765	0.5697825040006137	0	0.18755965799846308	0.9189905250004813	-1689.7689802730001	['-']
n	30	1692.2176606350004	0.33780855199984217	0.6536354509989906	0	0.23097644100107573	0.9862090360002185	0.5870518659994559	+
v	31	1694.9339676950003	0.3010683419997804	0.6198975679999421	0	0.24448221100010414	0.9524087959998724	0.7865219830000569	-
n	32	1697.617116768999	0.34622257700175396	0.6525827450004726	0	0.1529174300003433	1.0017114130005211	0.619242351000139	-
v	33	1700.149050431999	0.1514219190012227	0.4700272430000041	0	0.14736392100076046	0.8024015450009756	0.5366177420000895	-
n	34	1702.6815320780006	0.3695829379994393	0.6864945749985054	0	0.11044591900008527	1.0356994379999378	-1702.6815320780006	['-']
v	35	1705.2470185420007	0.19621379999989585	0.503630687999248	0	0.15985725600057776	0.8528167659987957	-1705.2470185420007	['+']
n	36	1707.6298194610008	0.10941655399983574	0.4200760399999126	0	0.21263990399984323	0.7692820019983628	0.5201182049986528	-
v	37	1709.9294489019994	0.0905466210006125	0.40368809800020244	0	0.18545563899988338	0.7355960530003358	0.4698170339997887	-
v	38	1712.395553421	0.21632499500083213	0.5361459430005198	0	0.20293604400012555	0.8853781249999884	-1712.395553421	['+']
n	39	1714.8107801400001	0.10515221700006805	0.4201886649989319	0	0.3436210360005134	0.7710066919989913	-1714.8107801400001	['-']
v	40	1717.10999558	0.15776522099986323	0.47029808099978254	0	0.4023078660002284	0.8200046589990961	-1717.10999558	['-']
v	41	1719.4593018409996	0.27306791100090777	0.5868252380005288	0	0.17657976300051814	0.9193530249995092	-1719.4593018409996	['-']
n	42	1722.1088654260002	0.4306055990000459	0.7364240049992077	0	0.1454558370014638	1.0689368410003226	0.7698034169989114	+
n	43	1724.9085150859992	0.2563079170013225	0.5692730870014202	0	0.3609550939991095	0.9190981040010229	-1724.9085150859992	['-']
n	44	1727.3569029589999	0.04656490399975155	0.35348733499995433	0	0.28046821699990687	0.7027066369992099	0.5202277560001676	-
n	45	1729.5893848449996	0.1829239670005336	0.5036599340000976	0	0.32186148700111517	0.837603919000685	-1729.5893848449996	['+']
n	46	1732.1559195230002	0.3127587950002635	0.6196018430000549	0	0.21561189899966848	0.9687904950005759	-1732.1559195230002	['-']
n	47	1734.6546048719993	0.27761130900034914	0.5867653680015792	0	0.22164337399863143	0.93603463799991	0.6868492570010858	-
v	48	1737.1206636019997	0.33990981399983866	0.6532698909995815	0	0.10512845399989601	0.98585119100062	-1737.1206636019997	['-']
v	49	1739.836980603999	0.36763708900070924	0.6862561220004864	0	0.15586195200103248	1.0353113720011606	0.6527593760001764	+
n	50	1742.4037499009992	0.2565604280007392	0.5685311790002743	0	0.2908255390002523	0.90109331000167	-1742.4037499009992	['+']
n	51	1745.035014866	0.3696554800008016	0.6863956420002069	0	0.12572488299974793	1.01901680499941	-1745.035014866	['+']
n	52	1747.7845312600002	0.30842674399900716	0.6193861350002408	0	0.3072641049993763	0.9686013139998977	0.7527612049998424	-
v	53	1750.2832501960002	0.3129076860004716	0.619860892998986	0	0.11209903500002838	0.9524320889995579	0.6532740959992225	-
n	54	1752.9654174509997	0.1829700039997988	0.5037271229994076	0	0.08227768600136187	0.852808666000783	-1752.9654174509997	['-']
n	55	1755.348387508	0.13678401600009238	0.45325625099940225	0	0.19768878700142523	0.7857731740004965	-1755.348387508	['+']
v	56	1757.8653383830006	0.16399416599961114	0.4854746509990946	0	0.18453337499977351	0.8347714009996707	-1757.8653383830006	['+']
n	57	1760.230083249	0.10302021999996214	0.4200113440001587	0	0.24520294900048611	0.769225378999181	-1760.230083249	['-']
v	58	1762.5297014070002	0.0590246030005801	0.36972866900032386	0	0.31604930099911144	0.7022316500006127	0.3697557790001156	-
n	59	1764.9627614790006	0.1374534179994953	0.4525076289992285	0	0.33621919300003356	0.8031466159991396	-1764.9627614790006	['+']
n	60	1767.4956212430006	0.6767859359988506	0.9854712189990096	0	0.2864101010009108	1.317898620998676	-1767.4956212430006	['+']
n	61	1770.545189335	0.25918229399940174	0.5683011679993797	0	0.21446450700113928	0.9008263350006018	-1770.545189335	['+']
n	62	1773.1772190009997	0.2120797070001572	0.5188295879997895	0	0.1596736890014654	0.851368038000146	0.6188441230005992	+
n	63	1775.7591394270003	0.31077805899985833	0.6193745489999856	0	0.05308718200012663	0.96861614899899	0.6194025349996082	-
v	64	1778.2575874960003	0.19531095599995751	0.5035502760001691	0	0.30281113799992454	0.8360620009989361	0.4368895839998004	-
