trial	speed	player_pos	ball_pos	direction	distance	broad	jitter	trial_nr	block
48	0.5	4	0	+	7.5	3.75	0.9	1	0
30	0.5	4	0	-	5.5	2.75	0.9	2	0
5	0.5	4	0	-	2.5	1.25	0.9	3	0
24	0.5	4	0	+	4.5	2.25	0.44999999999999996	4	0
8	0.5	4	0	+	2.5	1.25	0.44999999999999996	5	0
27	0.5	4	0	+	5.0	2.5	0.9	6	0
37	0.5	4	0	-	6.5	3.25	0.6	7	0
53	0.5	4	0	-	8.5	4.25	0.75	8	0
10	0.5	4	0	-	3.0	1.5	0.9	9	0
15	0.5	4	0	+	3.5	1.75	0.3	10	0
28	0.5	4	0	+	5.0	2.5	0.44999999999999996	11	0
6	0.5	4	0	-	2.5	1.25	0.75	12	0
16	0.5	4	0	+	3.5	1.75	0.9	13	0
49	0.5	4	0	-	8.0	4.0	0.3	14	0
55	0.5	4	0	+	8.5	4.25	0.9	15	0
41	0.5	4	0	-	7.0	3.5	0.75	16	0
45	0.5	4	0	-	7.5	3.75	0.75	17	0
36	0.5	4	0	+	6.0	3.0	0.9	18	0
50	0.5	4	0	-	8.0	4.0	0.6	19	0
35	0.5	4	0	+	6.0	3.0	0.9	20	0
51	0.5	4	0	+	8.0	4.0	0.6	21	0
23	0.5	4	0	+	4.5	2.25	0.6	22	0
44	0.5	4	0	+	7.0	3.5	0.3	23	0
54	0.5	4	0	-	8.5	4.25	0.44999999999999996	24	0
26	0.5	4	0	-	5.0	2.5	0.9	25	0
34	0.5	4	0	-	6.0	3.0	0.3	26	0
1	0.5	4	0	-	2.0	1.0	0.44999999999999996	27	0
40	0.5	4	0	+	6.5	3.25	0.6	28	0
21	0.5	4	0	-	4.5	2.25	0.6	29	0
12	0.5	4	0	+	3.0	1.5	0.9	30	0
4	0.5	4	0	+	2.0	1.0	0.75	31	0
22	0.5	4	0	-	4.5	2.25	0.3	32	0
18	0.5	4	0	-	4.0	2.0	0.9	33	0
52	0.5	4	0	+	8.0	4.0	0.44999999999999996	34	0
25	0.5	4	0	-	5.0	2.5	0.75	35	0
31	0.5	4	0	+	5.5	2.75	0.75	36	0
2	0.5	4	0	-	2.0	1.0	0.75	37	0
38	0.5	4	0	-	6.5	3.25	0.44999999999999996	38	0
9	0.5	4	0	-	3.0	1.5	0.9	39	0
13	0.5	4	0	-	3.5	1.75	0.6	40	0
20	0.5	4	0	+	4.0	2.0	0.9	41	0
32	0.5	4	0	+	5.5	2.75	0.6	42	0
43	0.5	4	0	+	7.0	3.5	0.75	43	0
42	0.5	4	0	-	7.0	3.5	0.44999999999999996	44	0
39	0.5	4	0	+	6.5	3.25	0.75	45	0
3	0.5	4	0	+	2.0	1.0	0.9	46	0
7	0.5	4	0	+	2.5	1.25	0.44999999999999996	47	0
46	0.5	4	0	-	7.5	3.75	0.6	48	0
19	0.5	4	0	+	4.0	2.0	0.75	49	0
14	0.5	4	0	-	3.5	1.75	0.44999999999999996	50	0
47	0.5	4	0	+	7.5	3.75	0.9	51	0
11	0.5	4	0	+	3.0	1.5	0.3	52	0
17	0.5	4	0	-	4.0	2.0	0.6	53	0
56	0.5	4	0	+	8.5	4.25	0.3	54	0
29	0.5	4	0	-	5.5	2.75	0.9	55	0
33	0.5	4	0	-	6.0	3.0	0.44999999999999996	56	0
27	0.5	4	0	+	5.0	2.5	0.9	1	1
24	0.5	4	0	+	4.5	2.25	0.44999999999999996	2	1
28	0.5	4	0	+	5.0	2.5	0.44999999999999996	3	1
14	0.5	4	0	-	3.5	1.75	0.44999999999999996	4	1
2	0.5	4	0	-	2.0	1.0	0.75	5	1
43	0.5	4	0	+	7.0	3.5	0.75	6	1
46	0.5	4	0	-	7.5	3.75	0.6	7	1
37	0.5	4	0	-	6.5	3.25	0.6	8	1
10	0.5	4	0	-	3.0	1.5	0.9	9	1
29	0.5	4	0	-	5.5	2.75	0.9	10	1
6	0.5	4	0	-	2.5	1.25	0.75	11	1
52	0.5	4	0	+	8.0	4.0	0.44999999999999996	12	1
30	0.5	4	0	-	5.5	2.75	0.9	13	1
40	0.5	4	0	+	6.5	3.25	0.6	14	1
32	0.5	4	0	+	5.5	2.75	0.6	15	1
36	0.5	4	0	+	6.0	3.0	0.9	16	1
25	0.5	4	0	-	5.0	2.5	0.75	17	1
42	0.5	4	0	-	7.0	3.5	0.44999999999999996	18	1
4	0.5	4	0	+	2.0	1.0	0.75	19	1
45	0.5	4	0	-	7.5	3.75	0.75	20	1
7	0.5	4	0	+	2.5	1.25	0.44999999999999996	21	1
49	0.5	4	0	-	8.0	4.0	0.3	22	1
13	0.5	4	0	-	3.5	1.75	0.6	23	1
5	0.5	4	0	-	2.5	1.25	0.9	24	1
20	0.5	4	0	+	4.0	2.0	0.9	25	1
39	0.5	4	0	+	6.5	3.25	0.75	26	1
38	0.5	4	0	-	6.5	3.25	0.44999999999999996	27	1
17	0.5	4	0	-	4.0	2.0	0.6	28	1
22	0.5	4	0	-	4.5	2.25	0.3	29	1
9	0.5	4	0	-	3.0	1.5	0.9	30	1
16	0.5	4	0	+	3.5	1.75	0.9	31	1
56	0.5	4	0	+	8.5	4.25	0.3	32	1
53	0.5	4	0	-	8.5	4.25	0.75	33	1
35	0.5	4	0	+	6.0	3.0	0.9	34	1
34	0.5	4	0	-	6.0	3.0	0.3	35	1
19	0.5	4	0	+	4.0	2.0	0.75	36	1
44	0.5	4	0	+	7.0	3.5	0.3	37	1
26	0.5	4	0	-	5.0	2.5	0.9	38	1
51	0.5	4	0	+	8.0	4.0	0.6	39	1
41	0.5	4	0	-	7.0	3.5	0.75	40	1
15	0.5	4	0	+	3.5	1.75	0.3	41	1
54	0.5	4	0	-	8.5	4.25	0.44999999999999996	42	1
50	0.5	4	0	-	8.0	4.0	0.6	43	1
47	0.5	4	0	+	7.5	3.75	0.9	44	1
1	0.5	4	0	-	2.0	1.0	0.44999999999999996	45	1
18	0.5	4	0	-	4.0	2.0	0.9	46	1
48	0.5	4	0	+	7.5	3.75	0.9	47	1
33	0.5	4	0	-	6.0	3.0	0.44999999999999996	48	1
12	0.5	4	0	+	3.0	1.5	0.9	49	1
55	0.5	4	0	+	8.5	4.25	0.9	50	1
11	0.5	4	0	+	3.0	1.5	0.3	51	1
31	0.5	4	0	+	5.5	2.75	0.75	52	1
21	0.5	4	0	-	4.5	2.25	0.6	53	1
23	0.5	4	0	+	4.5	2.25	0.6	54	1
8	0.5	4	0	+	2.5	1.25	0.44999999999999996	55	1
3	0.5	4	0	+	2.0	1.0	0.9	56	1
11	0.5	4	0	+	3.0	1.5	0.3	1	2
41	0.5	4	0	-	7.0	3.5	0.75	2	2
2	0.5	4	0	-	2.0	1.0	0.75	3	2
28	0.5	4	0	+	5.0	2.5	0.44999999999999996	4	2
36	0.5	4	0	+	6.0	3.0	0.9	5	2
20	0.5	4	0	+	4.0	2.0	0.9	6	2
15	0.5	4	0	+	3.5	1.75	0.3	7	2
9	0.5	4	0	-	3.0	1.5	0.9	8	2
4	0.5	4	0	+	2.0	1.0	0.75	9	2
3	0.5	4	0	+	2.0	1.0	0.9	10	2
6	0.5	4	0	-	2.5	1.25	0.75	11	2
25	0.5	4	0	-	5.0	2.5	0.75	12	2
54	0.5	4	0	-	8.5	4.25	0.44999999999999996	13	2
10	0.5	4	0	-	3.0	1.5	0.9	14	2
38	0.5	4	0	-	6.5	3.25	0.44999999999999996	15	2
1	0.5	4	0	-	2.0	1.0	0.44999999999999996	16	2
29	0.5	4	0	-	5.5	2.75	0.9	17	2
40	0.5	4	0	+	6.5	3.25	0.6	18	2
56	0.5	4	0	+	8.5	4.25	0.3	19	2
34	0.5	4	0	-	6.0	3.0	0.3	20	2
19	0.5	4	0	+	4.0	2.0	0.75	21	2
16	0.5	4	0	+	3.5	1.75	0.9	22	2
48	0.5	4	0	+	7.5	3.75	0.9	23	2
32	0.5	4	0	+	5.5	2.75	0.6	24	2
14	0.5	4	0	-	3.5	1.75	0.44999999999999996	25	2
45	0.5	4	0	-	7.5	3.75	0.75	26	2
43	0.5	4	0	+	7.0	3.5	0.75	27	2
35	0.5	4	0	+	6.0	3.0	0.9	28	2
13	0.5	4	0	-	3.5	1.75	0.6	29	2
27	0.5	4	0	+	5.0	2.5	0.9	30	2
55	0.5	4	0	+	8.5	4.25	0.9	31	2
26	0.5	4	0	-	5.0	2.5	0.9	32	2
23	0.5	4	0	+	4.5	2.25	0.6	33	2
53	0.5	4	0	-	8.5	4.25	0.75	34	2
49	0.5	4	0	-	8.0	4.0	0.3	35	2
21	0.5	4	0	-	4.5	2.25	0.6	36	2
31	0.5	4	0	+	5.5	2.75	0.75	37	2
47	0.5	4	0	+	7.5	3.75	0.9	38	2
46	0.5	4	0	-	7.5	3.75	0.6	39	2
7	0.5	4	0	+	2.5	1.25	0.44999999999999996	40	2
17	0.5	4	0	-	4.0	2.0	0.6	41	2
42	0.5	4	0	-	7.0	3.5	0.44999999999999996	42	2
18	0.5	4	0	-	4.0	2.0	0.9	43	2
51	0.5	4	0	+	8.0	4.0	0.6	44	2
8	0.5	4	0	+	2.5	1.25	0.44999999999999996	45	2
12	0.5	4	0	+	3.0	1.5	0.9	46	2
33	0.5	4	0	-	6.0	3.0	0.44999999999999996	47	2
30	0.5	4	0	-	5.5	2.75	0.9	48	2
39	0.5	4	0	+	6.5	3.25	0.75	49	2
37	0.5	4	0	-	6.5	3.25	0.6	50	2
52	0.5	4	0	+	8.0	4.0	0.44999999999999996	51	2
50	0.5	4	0	-	8.0	4.0	0.6	52	2
5	0.5	4	0	-	2.5	1.25	0.9	53	2
22	0.5	4	0	-	4.5	2.25	0.3	54	2
24	0.5	4	0	+	4.5	2.25	0.44999999999999996	55	2
44	0.5	4	0	+	7.0	3.5	0.3	56	2
55	0.5	4	0	+	8.5	4.25	0.9	1	3
42	0.5	4	0	-	7.0	3.5	0.44999999999999996	2	3
35	0.5	4	0	+	6.0	3.0	0.9	3	3
25	0.5	4	0	-	5.0	2.5	0.75	4	3
21	0.5	4	0	-	4.5	2.25	0.6	5	3
29	0.5	4	0	-	5.5	2.75	0.9	6	3
49	0.5	4	0	-	8.0	4.0	0.3	7	3
46	0.5	4	0	-	7.5	3.75	0.6	8	3
39	0.5	4	0	+	6.5	3.25	0.75	9	3
52	0.5	4	0	+	8.0	4.0	0.44999999999999996	10	3
37	0.5	4	0	-	6.5	3.25	0.6	11	3
19	0.5	4	0	+	4.0	2.0	0.75	12	3
56	0.5	4	0	+	8.5	4.25	0.3	13	3
5	0.5	4	0	-	2.5	1.25	0.9	14	3
54	0.5	4	0	-	8.5	4.25	0.44999999999999996	15	3
20	0.5	4	0	+	4.0	2.0	0.9	16	3
27	0.5	4	0	+	5.0	2.5	0.9	17	3
28	0.5	4	0	+	5.0	2.5	0.44999999999999996	18	3
15	0.5	4	0	+	3.5	1.75	0.3	19	3
33	0.5	4	0	-	6.0	3.0	0.44999999999999996	20	3
48	0.5	4	0	+	7.5	3.75	0.9	21	3
12	0.5	4	0	+	3.0	1.5	0.9	22	3
9	0.5	4	0	-	3.0	1.5	0.9	23	3
43	0.5	4	0	+	7.0	3.5	0.75	24	3
22	0.5	4	0	-	4.5	2.25	0.3	25	3
34	0.5	4	0	-	6.0	3.0	0.3	26	3
14	0.5	4	0	-	3.5	1.75	0.44999999999999996	27	3
17	0.5	4	0	-	4.0	2.0	0.6	28	3
6	0.5	4	0	-	2.5	1.25	0.75	29	3
51	0.5	4	0	+	8.0	4.0	0.6	30	3
4	0.5	4	0	+	2.0	1.0	0.75	31	3
38	0.5	4	0	-	6.5	3.25	0.44999999999999996	32	3
8	0.5	4	0	+	2.5	1.25	0.44999999999999996	33	3
50	0.5	4	0	-	8.0	4.0	0.6	34	3
11	0.5	4	0	+	3.0	1.5	0.3	35	3
1	0.5	4	0	-	2.0	1.0	0.44999999999999996	36	3
53	0.5	4	0	-	8.5	4.25	0.75	37	3
10	0.5	4	0	-	3.0	1.5	0.9	38	3
18	0.5	4	0	-	4.0	2.0	0.9	39	3
30	0.5	4	0	-	5.5	2.75	0.9	40	3
36	0.5	4	0	+	6.0	3.0	0.9	41	3
41	0.5	4	0	-	7.0	3.5	0.75	42	3
2	0.5	4	0	-	2.0	1.0	0.75	43	3
32	0.5	4	0	+	5.5	2.75	0.6	44	3
24	0.5	4	0	+	4.5	2.25	0.44999999999999996	45	3
45	0.5	4	0	-	7.5	3.75	0.75	46	3
47	0.5	4	0	+	7.5	3.75	0.9	47	3
40	0.5	4	0	+	6.5	3.25	0.6	48	3
31	0.5	4	0	+	5.5	2.75	0.75	49	3
26	0.5	4	0	-	5.0	2.5	0.9	50	3
44	0.5	4	0	+	7.0	3.5	0.3	51	3
7	0.5	4	0	+	2.5	1.25	0.44999999999999996	52	3
16	0.5	4	0	+	3.5	1.75	0.9	53	3
13	0.5	4	0	-	3.5	1.75	0.6	54	3
23	0.5	4	0	+	4.5	2.25	0.6	55	3
3	0.5	4	0	+	2.0	1.0	0.9	56	3
12	0.5	4	0	+	3.0	1.5	0.9	1	4
4	0.5	4	0	+	2.0	1.0	0.75	2	4
29	0.5	4	0	-	5.5	2.75	0.9	3	4
52	0.5	4	0	+	8.0	4.0	0.44999999999999996	4	4
40	0.5	4	0	+	6.5	3.25	0.6	5	4
21	0.5	4	0	-	4.5	2.25	0.6	6	4
53	0.5	4	0	-	8.5	4.25	0.75	7	4
2	0.5	4	0	-	2.0	1.0	0.75	8	4
27	0.5	4	0	+	5.0	2.5	0.9	9	4
18	0.5	4	0	-	4.0	2.0	0.9	10	4
24	0.5	4	0	+	4.5	2.25	0.44999999999999996	11	4
13	0.5	4	0	-	3.5	1.75	0.6	12	4
42	0.5	4	0	-	7.0	3.5	0.44999999999999996	13	4
50	0.5	4	0	-	8.0	4.0	0.6	14	4
22	0.5	4	0	-	4.5	2.25	0.3	15	4
10	0.5	4	0	-	3.0	1.5	0.9	16	4
44	0.5	4	0	+	7.0	3.5	0.3	17	4
37	0.5	4	0	-	6.5	3.25	0.6	18	4
55	0.5	4	0	+	8.5	4.25	0.9	19	4
14	0.5	4	0	-	3.5	1.75	0.44999999999999996	20	4
35	0.5	4	0	+	6.0	3.0	0.9	21	4
33	0.5	4	0	-	6.0	3.0	0.44999999999999996	22	4
11	0.5	4	0	+	3.0	1.5	0.3	23	4
6	0.5	4	0	-	2.5	1.25	0.75	24	4
23	0.5	4	0	+	4.5	2.25	0.6	25	4
5	0.5	4	0	-	2.5	1.25	0.9	26	4
54	0.5	4	0	-	8.5	4.25	0.44999999999999996	27	4
20	0.5	4	0	+	4.0	2.0	0.9	28	4
28	0.5	4	0	+	5.0	2.5	0.44999999999999996	29	4
47	0.5	4	0	+	7.5	3.75	0.9	30	4
30	0.5	4	0	-	5.5	2.75	0.9	31	4
48	0.5	4	0	+	7.5	3.75	0.9	32	4
26	0.5	4	0	-	5.0	2.5	0.9	33	4
51	0.5	4	0	+	8.0	4.0	0.6	34	4
25	0.5	4	0	-	5.0	2.5	0.75	35	4
9	0.5	4	0	-	3.0	1.5	0.9	36	4
43	0.5	4	0	+	7.0	3.5	0.75	37	4
7	0.5	4	0	+	2.5	1.25	0.44999999999999996	38	4
56	0.5	4	0	+	8.5	4.25	0.3	39	4
32	0.5	4	0	+	5.5	2.75	0.6	40	4
3	0.5	4	0	+	2.0	1.0	0.9	41	4
49	0.5	4	0	-	8.0	4.0	0.3	42	4
36	0.5	4	0	+	6.0	3.0	0.9	43	4
46	0.5	4	0	-	7.5	3.75	0.6	44	4
17	0.5	4	0	-	4.0	2.0	0.6	45	4
45	0.5	4	0	-	7.5	3.75	0.75	46	4
8	0.5	4	0	+	2.5	1.25	0.44999999999999996	47	4
34	0.5	4	0	-	6.0	3.0	0.3	48	4
41	0.5	4	0	-	7.0	3.5	0.75	49	4
16	0.5	4	0	+	3.5	1.75	0.9	50	4
1	0.5	4	0	-	2.0	1.0	0.44999999999999996	51	4
15	0.5	4	0	+	3.5	1.75	0.3	52	4
19	0.5	4	0	+	4.0	2.0	0.75	53	4
31	0.5	4	0	+	5.5	2.75	0.75	54	4
38	0.5	4	0	-	6.5	3.25	0.44999999999999996	55	4
39	0.5	4	0	+	6.5	3.25	0.75	56	4
9	0.5	4	0	-	3.0	1.5	0.9	1	5
23	0.5	4	0	+	4.5	2.25	0.6	2	5
11	0.5	4	0	+	3.0	1.5	0.3	3	5
37	0.5	4	0	-	6.5	3.25	0.6	4	5
40	0.5	4	0	+	6.5	3.25	0.6	5	5
7	0.5	4	0	+	2.5	1.25	0.44999999999999996	6	5
44	0.5	4	0	+	7.0	3.5	0.3	7	5
56	0.5	4	0	+	8.5	4.25	0.3	8	5
8	0.5	4	0	+	2.5	1.25	0.44999999999999996	9	5
36	0.5	4	0	+	6.0	3.0	0.9	10	5
16	0.5	4	0	+	3.5	1.75	0.9	11	5
33	0.5	4	0	-	6.0	3.0	0.44999999999999996	12	5
38	0.5	4	0	-	6.5	3.25	0.44999999999999996	13	5
35	0.5	4	0	+	6.0	3.0	0.9	14	5
48	0.5	4	0	+	7.5	3.75	0.9	15	5
4	0.5	4	0	+	2.0	1.0	0.75	16	5
41	0.5	4	0	-	7.0	3.5	0.75	17	5
20	0.5	4	0	+	4.0	2.0	0.9	18	5
30	0.5	4	0	-	5.5	2.75	0.9	19	5
51	0.5	4	0	+	8.0	4.0	0.6	20	5
14	0.5	4	0	-	3.5	1.75	0.44999999999999996	21	5
45	0.5	4	0	-	7.5	3.75	0.75	22	5
46	0.5	4	0	-	7.5	3.75	0.6	23	5
19	0.5	4	0	+	4.0	2.0	0.75	24	5
54	0.5	4	0	-	8.5	4.25	0.44999999999999996	25	5
50	0.5	4	0	-	8.0	4.0	0.6	26	5
6	0.5	4	0	-	2.5	1.25	0.75	27	5
2	0.5	4	0	-	2.0	1.0	0.75	28	5
25	0.5	4	0	-	5.0	2.5	0.75	29	5
29	0.5	4	0	-	5.5	2.75	0.9	30	5
15	0.5	4	0	+	3.5	1.75	0.3	31	5
3	0.5	4	0	+	2.0	1.0	0.9	32	5
21	0.5	4	0	-	4.5	2.25	0.6	33	5
24	0.5	4	0	+	4.5	2.25	0.44999999999999996	34	5
28	0.5	4	0	+	5.0	2.5	0.44999999999999996	35	5
12	0.5	4	0	+	3.0	1.5	0.9	36	5
31	0.5	4	0	+	5.5	2.75	0.75	37	5
26	0.5	4	0	-	5.0	2.5	0.9	38	5
27	0.5	4	0	+	5.0	2.5	0.9	39	5
34	0.5	4	0	-	6.0	3.0	0.3	40	5
13	0.5	4	0	-	3.5	1.75	0.6	41	5
1	0.5	4	0	-	2.0	1.0	0.44999999999999996	42	5
49	0.5	4	0	-	8.0	4.0	0.3	43	5
52	0.5	4	0	+	8.0	4.0	0.44999999999999996	44	5
17	0.5	4	0	-	4.0	2.0	0.6	45	5
39	0.5	4	0	+	6.5	3.25	0.75	46	5
18	0.5	4	0	-	4.0	2.0	0.9	47	5
47	0.5	4	0	+	7.5	3.75	0.9	48	5
5	0.5	4	0	-	2.5	1.25	0.9	49	5
42	0.5	4	0	-	7.0	3.5	0.44999999999999996	50	5
10	0.5	4	0	-	3.0	1.5	0.9	51	5
32	0.5	4	0	+	5.5	2.75	0.6	52	5
22	0.5	4	0	-	4.5	2.25	0.3	53	5
55	0.5	4	0	+	8.5	4.25	0.9	54	5
53	0.5	4	0	-	8.5	4.25	0.75	55	5
43	0.5	4	0	+	7.0	3.5	0.75	56	5
40	0.5	4	0	+	6.5	3.25	0.6	1	6
18	0.5	4	0	-	4.0	2.0	0.9	2	6
21	0.5	4	0	-	4.5	2.25	0.6	3	6
28	0.5	4	0	+	5.0	2.5	0.44999999999999996	4	6
3	0.5	4	0	+	2.0	1.0	0.9	5	6
11	0.5	4	0	+	3.0	1.5	0.3	6	6
33	0.5	4	0	-	6.0	3.0	0.44999999999999996	7	6
30	0.5	4	0	-	5.5	2.75	0.9	8	6
24	0.5	4	0	+	4.5	2.25	0.44999999999999996	9	6
6	0.5	4	0	-	2.5	1.25	0.75	10	6
20	0.5	4	0	+	4.0	2.0	0.9	11	6
23	0.5	4	0	+	4.5	2.25	0.6	12	6
39	0.5	4	0	+	6.5	3.25	0.75	13	6
5	0.5	4	0	-	2.5	1.25	0.9	14	6
7	0.5	4	0	+	2.5	1.25	0.44999999999999996	15	6
32	0.5	4	0	+	5.5	2.75	0.6	16	6
25	0.5	4	0	-	5.0	2.5	0.75	17	6
26	0.5	4	0	-	5.0	2.5	0.9	18	6
44	0.5	4	0	+	7.0	3.5	0.3	19	6
48	0.5	4	0	+	7.5	3.75	0.9	20	6
56	0.5	4	0	+	8.5	4.25	0.3	21	6
2	0.5	4	0	-	2.0	1.0	0.75	22	6
34	0.5	4	0	-	6.0	3.0	0.3	23	6
22	0.5	4	0	-	4.5	2.25	0.3	24	6
1	0.5	4	0	-	2.0	1.0	0.44999999999999996	25	6
12	0.5	4	0	+	3.0	1.5	0.9	26	6
55	0.5	4	0	+	8.5	4.25	0.9	27	6
36	0.5	4	0	+	6.0	3.0	0.9	28	6
41	0.5	4	0	-	7.0	3.5	0.75	29	6
19	0.5	4	0	+	4.0	2.0	0.75	30	6
27	0.5	4	0	+	5.0	2.5	0.9	31	6
35	0.5	4	0	+	6.0	3.0	0.9	32	6
17	0.5	4	0	-	4.0	2.0	0.6	33	6
15	0.5	4	0	+	3.5	1.75	0.3	34	6
53	0.5	4	0	-	8.5	4.25	0.75	35	6
47	0.5	4	0	+	7.5	3.75	0.9	36	6
43	0.5	4	0	+	7.0	3.5	0.75	37	6
49	0.5	4	0	-	8.0	4.0	0.3	38	6
37	0.5	4	0	-	6.5	3.25	0.6	39	6
13	0.5	4	0	-	3.5	1.75	0.6	40	6
14	0.5	4	0	-	3.5	1.75	0.44999999999999996	41	6
8	0.5	4	0	+	2.5	1.25	0.44999999999999996	42	6
50	0.5	4	0	-	8.0	4.0	0.6	43	6
52	0.5	4	0	+	8.0	4.0	0.44999999999999996	44	6
31	0.5	4	0	+	5.5	2.75	0.75	45	6
45	0.5	4	0	-	7.5	3.75	0.75	46	6
16	0.5	4	0	+	3.5	1.75	0.9	47	6
29	0.5	4	0	-	5.5	2.75	0.9	48	6
54	0.5	4	0	-	8.5	4.25	0.44999999999999996	49	6
4	0.5	4	0	+	2.0	1.0	0.75	50	6
10	0.5	4	0	-	3.0	1.5	0.9	51	6
38	0.5	4	0	-	6.5	3.25	0.44999999999999996	52	6
46	0.5	4	0	-	7.5	3.75	0.6	53	6
9	0.5	4	0	-	3.0	1.5	0.9	54	6
42	0.5	4	0	-	7.0	3.5	0.44999999999999996	55	6
51	0.5	4	0	+	8.0	4.0	0.6	56	6
13	0.5	4	0	-	3.5	1.75	0.6	1	7
1	0.5	4	0	-	2.0	1.0	0.44999999999999996	2	7
51	0.5	4	0	+	8.0	4.0	0.6	3	7
17	0.5	4	0	-	4.0	2.0	0.6	4	7
33	0.5	4	0	-	6.0	3.0	0.44999999999999996	5	7
44	0.5	4	0	+	7.0	3.5	0.3	6	7
28	0.5	4	0	+	5.0	2.5	0.44999999999999996	7	7
45	0.5	4	0	-	7.5	3.75	0.75	8	7
53	0.5	4	0	-	8.5	4.25	0.75	9	7
54	0.5	4	0	-	8.5	4.25	0.44999999999999996	10	7
19	0.5	4	0	+	4.0	2.0	0.75	11	7
39	0.5	4	0	+	6.5	3.25	0.75	12	7
25	0.5	4	0	-	5.0	2.5	0.75	13	7
43	0.5	4	0	+	7.0	3.5	0.75	14	7
29	0.5	4	0	-	5.5	2.75	0.9	15	7
12	0.5	4	0	+	3.0	1.5	0.9	16	7
10	0.5	4	0	-	3.0	1.5	0.9	17	7
4	0.5	4	0	+	2.0	1.0	0.75	18	7
16	0.5	4	0	+	3.5	1.75	0.9	19	7
50	0.5	4	0	-	8.0	4.0	0.6	20	7
56	0.5	4	0	+	8.5	4.25	0.3	21	7
23	0.5	4	0	+	4.5	2.25	0.6	22	7
14	0.5	4	0	-	3.5	1.75	0.44999999999999996	23	7
40	0.5	4	0	+	6.5	3.25	0.6	24	7
37	0.5	4	0	-	6.5	3.25	0.6	25	7
9	0.5	4	0	-	3.0	1.5	0.9	26	7
38	0.5	4	0	-	6.5	3.25	0.44999999999999996	27	7
24	0.5	4	0	+	4.5	2.25	0.44999999999999996	28	7
41	0.5	4	0	-	7.0	3.5	0.75	29	7
18	0.5	4	0	-	4.0	2.0	0.9	30	7
7	0.5	4	0	+	2.5	1.25	0.44999999999999996	31	7
8	0.5	4	0	+	2.5	1.25	0.44999999999999996	32	7
20	0.5	4	0	+	4.0	2.0	0.9	33	7
21	0.5	4	0	-	4.5	2.25	0.6	34	7
22	0.5	4	0	-	4.5	2.25	0.3	35	7
27	0.5	4	0	+	5.0	2.5	0.9	36	7
47	0.5	4	0	+	7.5	3.75	0.9	37	7
55	0.5	4	0	+	8.5	4.25	0.9	38	7
48	0.5	4	0	+	7.5	3.75	0.9	39	7
5	0.5	4	0	-	2.5	1.25	0.9	40	7
35	0.5	4	0	+	6.0	3.0	0.9	41	7
32	0.5	4	0	+	5.5	2.75	0.6	42	7
42	0.5	4	0	-	7.0	3.5	0.44999999999999996	43	7
46	0.5	4	0	-	7.5	3.75	0.6	44	7
2	0.5	4	0	-	2.0	1.0	0.75	45	7
11	0.5	4	0	+	3.0	1.5	0.3	46	7
49	0.5	4	0	-	8.0	4.0	0.3	47	7
26	0.5	4	0	-	5.0	2.5	0.9	48	7
31	0.5	4	0	+	5.5	2.75	0.75	49	7
34	0.5	4	0	-	6.0	3.0	0.3	50	7
36	0.5	4	0	+	6.0	3.0	0.9	51	7
30	0.5	4	0	-	5.5	2.75	0.9	52	7
52	0.5	4	0	+	8.0	4.0	0.44999999999999996	53	7
6	0.5	4	0	-	2.5	1.25	0.75	54	7
15	0.5	4	0	+	3.5	1.75	0.3	55	7
3	0.5	4	0	+	2.0	1.0	0.9	56	7
24	0.5	4	0	+	4.5	2.25	0.44999999999999996	1	8
25	0.5	4	0	-	5.0	2.5	0.75	2	8
50	0.5	4	0	-	8.0	4.0	0.6	3	8
26	0.5	4	0	-	5.0	2.5	0.9	4	8
52	0.5	4	0	+	8.0	4.0	0.44999999999999996	5	8
38	0.5	4	0	-	6.5	3.25	0.44999999999999996	6	8
27	0.5	4	0	+	5.0	2.5	0.9	7	8
4	0.5	4	0	+	2.0	1.0	0.75	8	8
15	0.5	4	0	+	3.5	1.75	0.3	9	8
44	0.5	4	0	+	7.0	3.5	0.3	10	8
45	0.5	4	0	-	7.5	3.75	0.75	11	8
39	0.5	4	0	+	6.5	3.25	0.75	12	8
17	0.5	4	0	-	4.0	2.0	0.6	13	8
42	0.5	4	0	-	7.0	3.5	0.44999999999999996	14	8
47	0.5	4	0	+	7.5	3.75	0.9	15	8
32	0.5	4	0	+	5.5	2.75	0.6	16	8
5	0.5	4	0	-	2.5	1.25	0.9	17	8
30	0.5	4	0	-	5.5	2.75	0.9	18	8
14	0.5	4	0	-	3.5	1.75	0.44999999999999996	19	8
36	0.5	4	0	+	6.0	3.0	0.9	20	8
23	0.5	4	0	+	4.5	2.25	0.6	21	8
21	0.5	4	0	-	4.5	2.25	0.6	22	8
7	0.5	4	0	+	2.5	1.25	0.44999999999999996	23	8
10	0.5	4	0	-	3.0	1.5	0.9	24	8
31	0.5	4	0	+	5.5	2.75	0.75	25	8
55	0.5	4	0	+	8.5	4.25	0.9	26	8
8	0.5	4	0	+	2.5	1.25	0.44999999999999996	27	8
34	0.5	4	0	-	6.0	3.0	0.3	28	8
20	0.5	4	0	+	4.0	2.0	0.9	29	8
2	0.5	4	0	-	2.0	1.0	0.75	30	8
37	0.5	4	0	-	6.5	3.25	0.6	31	8
43	0.5	4	0	+	7.0	3.5	0.75	32	8
18	0.5	4	0	-	4.0	2.0	0.9	33	8
41	0.5	4	0	-	7.0	3.5	0.75	34	8
1	0.5	4	0	-	2.0	1.0	0.44999999999999996	35	8
29	0.5	4	0	-	5.5	2.75	0.9	36	8
12	0.5	4	0	+	3.0	1.5	0.9	37	8
54	0.5	4	0	-	8.5	4.25	0.44999999999999996	38	8
3	0.5	4	0	+	2.0	1.0	0.9	39	8
48	0.5	4	0	+	7.5	3.75	0.9	40	8
16	0.5	4	0	+	3.5	1.75	0.9	41	8
9	0.5	4	0	-	3.0	1.5	0.9	42	8
35	0.5	4	0	+	6.0	3.0	0.9	43	8
46	0.5	4	0	-	7.5	3.75	0.6	44	8
11	0.5	4	0	+	3.0	1.5	0.3	45	8
13	0.5	4	0	-	3.5	1.75	0.6	46	8
56	0.5	4	0	+	8.5	4.25	0.3	47	8
28	0.5	4	0	+	5.0	2.5	0.44999999999999996	48	8
51	0.5	4	0	+	8.0	4.0	0.6	49	8
22	0.5	4	0	-	4.5	2.25	0.3	50	8
53	0.5	4	0	-	8.5	4.25	0.75	51	8
6	0.5	4	0	-	2.5	1.25	0.75	52	8
49	0.5	4	0	-	8.0	4.0	0.3	53	8
40	0.5	4	0	+	6.5	3.25	0.6	54	8
33	0.5	4	0	-	6.0	3.0	0.44999999999999996	55	8
19	0.5	4	0	+	4.0	2.0	0.75	56	8
47	0.5	4	0	+	7.5	3.75	0.9	1	9
38	0.5	4	0	-	6.5	3.25	0.44999999999999996	2	9
34	0.5	4	0	-	6.0	3.0	0.3	3	9
26	0.5	4	0	-	5.0	2.5	0.9	4	9
31	0.5	4	0	+	5.5	2.75	0.75	5	9
55	0.5	4	0	+	8.5	4.25	0.9	6	9
14	0.5	4	0	-	3.5	1.75	0.44999999999999996	7	9
3	0.5	4	0	+	2.0	1.0	0.9	8	9
46	0.5	4	0	-	7.5	3.75	0.6	9	9
49	0.5	4	0	-	8.0	4.0	0.3	10	9
9	0.5	4	0	-	3.0	1.5	0.9	11	9
5	0.5	4	0	-	2.5	1.25	0.9	12	9
25	0.5	4	0	-	5.0	2.5	0.75	13	9
54	0.5	4	0	-	8.5	4.25	0.44999999999999996	14	9
10	0.5	4	0	-	3.0	1.5	0.9	15	9
35	0.5	4	0	+	6.0	3.0	0.9	16	9
11	0.5	4	0	+	3.0	1.5	0.3	17	9
32	0.5	4	0	+	5.5	2.75	0.6	18	9
27	0.5	4	0	+	5.0	2.5	0.9	19	9
21	0.5	4	0	-	4.5	2.25	0.6	20	9
20	0.5	4	0	+	4.0	2.0	0.9	21	9
42	0.5	4	0	-	7.0	3.5	0.44999999999999996	22	9
48	0.5	4	0	+	7.5	3.75	0.9	23	9
29	0.5	4	0	-	5.5	2.75	0.9	24	9
19	0.5	4	0	+	4.0	2.0	0.75	25	9
44	0.5	4	0	+	7.0	3.5	0.3	26	9
43	0.5	4	0	+	7.0	3.5	0.75	27	9
45	0.5	4	0	-	7.5	3.75	0.75	28	9
8	0.5	4	0	+	2.5	1.25	0.44999999999999996	29	9
28	0.5	4	0	+	5.0	2.5	0.44999999999999996	30	9
50	0.5	4	0	-	8.0	4.0	0.6	31	9
30	0.5	4	0	-	5.5	2.75	0.9	32	9
13	0.5	4	0	-	3.5	1.75	0.6	33	9
33	0.5	4	0	-	6.0	3.0	0.44999999999999996	34	9
15	0.5	4	0	+	3.5	1.75	0.3	35	9
51	0.5	4	0	+	8.0	4.0	0.6	36	9
17	0.5	4	0	-	4.0	2.0	0.6	37	9
18	0.5	4	0	-	4.0	2.0	0.9	38	9
37	0.5	4	0	-	6.5	3.25	0.6	39	9
23	0.5	4	0	+	4.5	2.25	0.6	40	9
41	0.5	4	0	-	7.0	3.5	0.75	41	9
36	0.5	4	0	+	6.0	3.0	0.9	42	9
40	0.5	4	0	+	6.5	3.25	0.6	43	9
6	0.5	4	0	-	2.5	1.25	0.75	44	9
56	0.5	4	0	+	8.5	4.25	0.3	45	9
52	0.5	4	0	+	8.0	4.0	0.44999999999999996	46	9
39	0.5	4	0	+	6.5	3.25	0.75	47	9
4	0.5	4	0	+	2.0	1.0	0.75	48	9
1	0.5	4	0	-	2.0	1.0	0.44999999999999996	49	9
2	0.5	4	0	-	2.0	1.0	0.75	50	9
16	0.5	4	0	+	3.5	1.75	0.9	51	9
12	0.5	4	0	+	3.0	1.5	0.9	52	9
24	0.5	4	0	+	4.5	2.25	0.44999999999999996	53	9
22	0.5	4	0	-	4.5	2.25	0.3	54	9
53	0.5	4	0	-	8.5	4.25	0.75	55	9
7	0.5	4	0	+	2.5	1.25	0.44999999999999996	56	9
