response	trial_nr	t_start	t_set	t_ball	t_release	t_response	t_goal	t_change	new_pos	correct
v	1	12.508972051	14.049223339000037	14.800484955000229	0	15.07490424200023	15.179564568999922	15.11347232800017	[5]	0
b	2	16.91087797299997	17.13551719499992	17.887423083000158	0	18.139073953000207	18.278660090999892	18.26253213100017	[5]	
n	3	19.493231429999923	19.776535696999872	20.527802475000044	0	20.819133986999987	20.911190487000113	20.72878270000001	[-5]	0
n	4	22.642090342999836	22.711310998000044	23.462276931999895	0	23.803173878000052	23.84365886200021	23.777973678999842	[5]	1
v	5	25.57437902799984	25.712784904999808	26.463293423999858	0	26.691252239999812	26.84274256400022	26.577036373999817	[5]	0
n	6	28.573748282999986	28.865426553999896	29.61650641799997	0	29.85936297699982	30.008472106000227	29.992340072999923	[5]	1
v	7	31.73957215900009	31.82430000500017	32.574821192999934	0	32.81145004300015	32.95759722299999	32.89187048399981	[-5]	1
n	8	34.68867022199993	34.88799565699992	35.63876845799996	0	35.875537843000075	36.040033185000084	36.02388347800024	[-5]	0
v	9	37.77113553800018	38.000180897000064	38.75145078200012	0	38.963631022999834	39.12242112700005	39.056261864000135	[-5]	1
n	10	40.853736732000016	40.944165970000086	41.69536915700019	0	41.94771880899998	42.071552240000074	41.695873078000204	[-5]	0
v	11	43.80245919500021	43.83221867600014	44.5827608059999	0	44.89985453300005	44.95407156700003	44.68830158899982	[5]	0
v	12	46.68514097000025	46.77724917400019	47.52831711399995	0	47.74792560300011	47.91988233600023	47.903666537999925	[-5]	1
n	13	49.65136134100021	49.8570100070001	50.60786137600007	0	50.86001916399982	50.98558184500007	50.60834917000011	[5]	1
v	14	52.71696596799984	52.817519516000175	53.568850208000185	0	53.8042384700002	53.95140904300024	53.76894859499998	[5]	0
v	15	55.68244159100004	55.70546079299993	56.45782728899985	0	56.74828673000002	56.83383656500018	56.45831162000013	[-5]	1
n	16	58.56520346900015	58.68068986800017	59.43160667500024	0	59.70052269400003	59.81628892200024	59.733498472000065	[-5]	0
v	17	61.547251705000235	61.650130697999884	62.400671696000245	0	62.72436761500012	62.782069775999844	62.51633672100024	[-5]	1
n	18	64.51303547599991	64.74596975099985	65.49716642200019	0	65.80447120100007	65.88116412099998	65.69873544099983	[-5]	0
v	19	67.61220350900021	67.69827876499994	68.4491420899999	0	68.7245794989999	68.83032078299993	68.664533269	[-5]	1
b	20	70.5613033730001	70.64159132199984	71.39285262700014	0	71.69269303200008	71.79606420400023	71.77990366599988	[-5]	
v	21	73.01075163399992	73.31321033299992	74.06426046100023	0	74.300739411	74.445267006	74.37915066400001	[5]	0
n	22	76.17655536099983	76.28990214299984	77.04118856500008	0	77.31685212299999	77.4443741529999	77.42827066500013	[-5]	0
v	23	79.17551367900023	79.41067126600001	80.16195469500008	0	80.42893726200009	80.54351328299981	80.16245837999986	[-5]	1
v	24	82.2744523639999	82.41751146000024	83.168114349	0	83.46139725400008	83.55922202300007	83.5430455149999	[-5]	1
n	25	85.29002819800007	85.51438741399988	86.26516020400004	0	86.51713428999983	86.64170028399985	86.47587706800005	[5]	1
n	26	88.37309664399982	88.47385923899992	89.22495430200024	0	89.5255940789998	89.6074211109999	89.22544279500016	[5]	1
v	27	91.33859798200001	91.48176612599991	92.23289649900016	0	92.5734371110002	92.62318197600007	92.60702846899994	[-5]	1
n	28	94.35419263099993	94.57923419100007	95.33045191700012	0	95.58970931900012	95.70564545000025	95.53984466300017	[-5]	0
v	29	97.43694774300002	97.65116784100019	98.40200730200013	0	98.64557236700011	98.78804096800013	98.50573590100021	[-5]	1
v	30	100.51921028600009	100.56327158400018	101.31384817900016	0	101.55761432600002	101.68714808200002	101.42148152100026	[5]	0
n	31	103.41815197400001	103.47441333000006	104.22518916499985	0	104.46981719899986	104.61961530200006	104.60346776999995	[-5]	0
v	32	106.35079226800008	106.44343755699992	107.1945031350001	0	107.44579693200012	107.58540787499987	107.56926383100017	[5]	0
n	33	109.31668924999985	109.33128722599986	110.08237830000007	0	110.35786629299992	110.46799061999991	110.082867782	[5]	1
n	34	112.19884847899993	112.31438609199995	113.065509346	0	113.44595785599995	113.4516505040001	113.167927555	[5]	1
v	35	115.18143079799984	115.29047005199982	116.04100491500003	0	116.35807746499995	116.43276178399992	116.41660057299987	[5]	0
n	36	118.16387284299981	118.29180210100003	119.04252902300004	0	119.27016846300012	119.41523224699995	119.04301602700025	[-5]	0
n	37	121.14627173600002	121.2112676759998	121.96237732000009	0	122.23047847899988	122.36432682499981	122.34824059999983	[5]	1
n	38	124.09629392199986	124.2668285499999	125.01799067299999	0	125.33443923300001	125.39676810399988	125.01850222700023	[5]	1
n	39	127.12761747100012	127.17159886499985	127.92286119800019	0	128.1504915139999	128.29589159399984	128.03017355500015	[-5]	0
v	40	130.02727989100003	130.14669982399982	130.89777300800006	0	131.15858647000005	131.29506642900014	131.27894216999994	[5]	0
n	41	133.02613102800024	133.17935607300024	133.930507778	0	134.19066956899997	134.32743706700012	134.31135035800025	[5]	1
[]	42	136.05836218100012	136.08345276499995	136.8347802809999	0	0.0	137.21029448499985	137.14412853400017	[5]	na
v	43	138.94112508499984	138.99560348000023	139.7461995230001	0	139.998830818	140.125749283	139.9599590849998	[5]	0
n	44	141.85710249400017	141.93923977299983	142.68997604600008	0	142.96692405800013	143.074844795	142.99206710399994	[-5]	0
v	45	144.8059427190001	144.91550650699992	145.6660384500001	0	145.91101941099987	146.05728881899995	146.04114524900024	[-5]	1
n	46	147.7884019359999	147.9795033559999	148.73061130199994	0	148.9914231470002	149.10643946300024	148.84064489499997	[-5]	0
v	47	150.83755045199996	150.95703095	151.70815765999987	0	151.95126379400017	152.08883359799984	151.92318603700005	[5]	0
n	48	153.82002178499988	154.0596216140002	154.81083462700008	0	155.09536964400013	155.20455733400013	155.18879442300022	[5]	1
b	1	160.66107821900005	161.6998698100001	162.4511338430002	0	162.8160791979999	162.83568577000005	162.6531780260002	[5]	
n	2	164.0491448329999	164.29262673999983	165.04330205199994	0	165.26363814200022	165.43485384099995	165.41870512000014	[-5]	0
n	3	167.16531112500024	167.46129254200014	168.21231428700003	0	168.4317755950001	168.58393991699995	168.51786085100002	[5]	1
n	4	170.31435078000004	170.6376099099998	171.3882733280002	0	171.70384148499988	171.7663148659999	171.60055411800022	[5]	1
v	5	173.49674812800004	173.77389962300003	174.525136706	0	174.8399512000001	174.89872500799993	174.52562703000012	[-5]	1
n	6	176.62927081099997	176.684414543	177.4352933969999	0	177.7280564040002	177.831186678	177.81501456800015	[5]	1
v	7	179.56162492500016	179.6852308749999	180.43590619999986	0	180.75218145899998	180.83030024500022	180.81410229899984	[-5]	1
v	8	182.56074250400025	182.81258425800024	183.56378954599995	0	183.88020011400022	183.96267008099994	183.94652149000012	[5]	0
v	9	185.69358008400013	185.90963005899994	186.66065935000006	0	186.9126615099999	187.0451522180001	186.7627211519998	[5]	0
v	10	188.77567793800017	188.90971199900014	189.66076619800015	0	189.92042045900007	190.04421573699983	189.7618931930001	[5]	0
n	11	191.7746967349999	191.92568865900012	192.6767688220002	0	192.98443045600015	193.05987710599993	192.77790955399996	[5]	1
n	12	194.7904447840001	195.0129510920001	195.76361786799998	0	195.99278688799996	196.1421745739999	195.87653398200018	[-5]	0
v	13	197.87352603199997	197.93439634300012	198.68544198000018	0	199.00841226500006	199.0578653980001	198.79214710299993	[5]	0
n	14	200.7881502350001	200.92471075699996	201.67572860400014	0	201.97648641500018	202.0735091659999	202.0573328219998	[-5]	0
v	15	203.80446279299986	203.95765370100025	204.70875397300006	0	205.03229247799982	205.10581090200003	205.0896590450002	[-5]	1
v	16	206.83631660499987	207.00614856799984	207.75721402199997	0	208.0003663389998	208.15486062399987	208.13872618300002	[5]	0
n	17	209.88557637199983	209.99666663800008	210.74771788399994	0	210.96827638600007	211.1371438609999	211.1210274949999	[5]	1
[]	18	212.86768625100012	212.8930966160001	213.64415598799997	0	0.0	214.01987379000002	213.64464329700013	[5]	na
n	19	215.7502136180001	215.77321019300007	216.5242897789999	0	216.8403323839998	216.90188453600013	216.52477637699985	[5]	1
n	20	218.63225134599998	218.78958742099985	219.54045969300023	0	219.7683501319998	219.91752769000004	219.85138265700016	[-5]	0
b	21	221.64778372799992	221.84510344	222.59612488799985	0	222.68820676999985	222.98320752500013	222.59661337800026	[5]	
v	22	224.19670373000008	224.49257529900024	225.24372707700013	0	225.58458064200022	225.61561968700016	225.24421374700023	[-5]	1
n	23	227.34619147000012	227.60462169999983	228.35569762000023	0	228.67217920099984	228.74790994800014	228.73211172799984	[5]	1
n	24	230.47843270700014	230.73408536399984	231.48516701500012	0	231.792219036	231.8635823919999	231.79861542200024	[5]	1
v	25	233.59409187300025	233.71776766199991	234.4688314660002	0	234.78413874399985	234.86251954099998	234.84635855299985	[-5]	1
n	26	236.59439989500015	236.72453703700012	237.47556180399988	0	237.75212892299987	237.8615566620001	237.77877464099993	[-5]	0
n	27	239.59238950200006	239.701472319	240.45207162899987	0	240.76031578499988	240.84386587400013	240.8277786990002	[-5]	0
v	28	242.57454252100024	242.725748672	243.4768346599999	0	243.79223638199983	243.85956166000005	243.6771002800001	[-5]	1
n	29	245.59001349900018	245.62846643500006	246.37968332499986	0	246.656091845	246.75860982599988	246.69239683700016	[-5]	0
v	30	248.48948161299995	248.4937371599999	249.2449503140001	0	249.53611816500006	249.62427482600015	249.55817902599983	[-5]	1
v	31	251.35467101899985	251.54133145800006	252.29237148699985	0	252.57617829799983	252.67325868800026	252.60716936200015	[5]	0
n	32	254.40367023399995	254.5485373470001	255.2996046029998	0	255.6563604170001	255.6889318100002	255.67395602099987	[-5]	0
v	33	257.41948877100003	257.572458523	258.3235756849999	0	258.5440387990002	258.70459138000024	258.43888910099986	[-5]	1
v	34	260.43567295	260.67698576500015	261.4276973199999	0	261.736205917	261.8035285159999	261.63822034199984	[-5]	1
n	35	263.53406717999997	263.64552739600003	264.3961930129999	0	264.64008835699997	264.76929155000016	264.6034762449999	[-5]	0
v	36	266.49993315400025	266.596388898	267.34694773599995	0	267.632014497	267.71825888800004	267.5525160400002	[5]	0
v	37	269.4491820520002	269.740895765	270.49197800499996	0	270.856008106	270.8685282470001	270.8014943510002	[5]	0
v	38	272.59747545400023	272.8848113690001	273.6358338179998	0	273.89600972900007	274.0328372429999	274.0167641520002	[-5]	1
v	39	275.7631885999999	275.964431377	276.7155341150001	0	277.05603228100017	277.0984990269999	276.716453256	[-5]	1
n	40	278.8290086249999	279.04520503699996	279.7959302909999	0	280.1119755489999	280.1808128890002	279.79641401900017	[5]	1
v	41	281.91144965700005	282.05247741799985	282.80338002200006	0	283.1359814000002	283.179808418	282.80386869699987	[-5]	1
n	42	284.91042321199984	284.94835721200025	285.6997387729998	0	285.9281324809999	286.09553185999994	286.079437291	[5]	1
n	43	287.82616238799983	287.96458245099984	288.715466141	0	289.0160523710001	289.11117461000003	289.0951534320002	[5]	1
v	44	290.8418500309999	290.92574896299993	291.6763878490001	0	291.95205532499995	292.06020456099986	291.8777884189999	[5]	0
v	45	293.79105931899994	293.8524322110002	294.6030047700001	0	294.880071735	294.9762990449999	294.8102208700002	[-5]	1
v	46	296.7065675680001	296.94140917699997	297.6919500690001	0	297.9119591960002	298.0748730340001	297.79250305200003	[-5]	1
n	47	299.8057143619999	299.96517472200003	300.71595992799985	0	300.944001414	301.10721994200003	301.0910608889999	[5]	1
v	48	302.8379367980001	303.06033188599986	303.810847537	0	304.11995062899996	304.1895629219998	303.9238247809999	[-5]	1
n	1	310.06186142000024	310.5258305510001	311.2769949839999	0	311.551978125	311.6537314000002	311.2774772020002	[5]	1
n	2	313.38411436800016	313.4533473390002	314.2040735639998	0	314.5119795810001	314.5861261740001	314.4203902150002	[-5]	0
v	3	316.3169403669999	316.4683370759999	317.21936209900014	0	317.5120394820001	317.6184803189999	317.60229232400025	[-5]	1
v	4	319.348969788	319.4935652039999	320.2446784009999	0	320.54400080000005	320.61744962700004	320.3517242050002	[-5]	1
v	5	322.34785481400013	322.49259047299984	323.243793741	0	323.512030805	323.633131175	323.61705421700026	[5]	0
n	6	325.3635998190002	325.62160304100007	326.3721325649999	0	326.6559498219999	326.74877232100016	326.3726154420001	[5]	1
n	7	328.479447658	328.54865509599995	329.29952357599996	0	329.5999426080002	329.68112653100025	329.3000091220001	[5]	1
n	8	331.4121847440001	331.532369906	332.2832632720001	0	332.5439613090002	332.6634910160001	332.3978012110001	[5]	1
n	9	334.39371041899994	334.45251343300015	335.2032042290002	0	335.38395641399984	335.57918837800025	335.2036945680002	[5]	1
v	10	337.3102727260002	337.38846309300015	338.13905796200015	0	338.3199606779999	338.51158270199994	338.44549118700024	[-5]	1
n	11	340.2420067150001	340.3805089120001	341.13163243300005	0	341.34407744500004	341.51059287199996	341.34605024500024	[5]	1
n	12	343.24190110200016	343.4203351790002	344.17153578499983	0	344.4079809919999	344.5595855900001	344.54344908500025	[-5]	0
v	13	346.29018000099995	346.332347388	347.0842271199999	0	347.34436783499996	347.4586435649999	347.39254711500007	[-5]	1
v	14	349.18924578899987	349.268938362	350.0199618800002	0	350.31995551	350.3910130539998	350.22524422000015	[5]	0
n	15	352.12152308199984	352.18868327300015	352.93971284200006	0	353.2320517960002	353.3400647389999	353.3239010860002	[-5]	0
v	16	355.0707006819998	355.26851094699987	356.01938916200015	0	356.360078618	356.4057757999999	356.12332460000016	[-5]	1
v	17	358.13656917000026	358.20564315599995	358.9568794759998	0	359.20807031999993	359.3381001580001	359.17234405199997	[5]	0
n	18	361.06906185200023	361.0924652990002	361.84314257100004	0	362.11209264399986	362.23721282099996	362.22108240299985	[-5]	0
v	19	363.96802623600024	364.20493919599994	364.95567613799994	0	365.26406510900006	365.336196491	365.070451218	[-5]	1
v	20	367.0671835359999	367.2138715760002	367.9647535009999	0	368.2480186130001	368.3519070269999	367.9652425700001	[-5]	1
n	21	370.0822072340002	370.25247102699996	371.003697958	0	371.2880252250002	371.4008356039999	371.384678204	[5]	1
v	22	373.1315109070001	373.18177266600014	373.9329876329998	0	374.2240132709999	374.3165006049999	374.034203658	[5]	0
n	23	376.0473181880002	376.09340794499985	376.84464112000023	0	377.0720437169998	377.232287883	377.2161921930001	[5]	1
v	24	378.96283404199994	379.0285120809999	379.77904864699985	0	380.1120823350002	380.16462869299994	380.0821801850002	[-5]	1
v	25	381.8973375710002	382.16598323300013	382.9170414099999	0	383.2240673040001	383.2969372749999	383.2320446849999	[5]	0
n	26	385.028868717	385.1490647700002	385.900249198	0	386.18407424299994	386.2960839719999	386.279805742	[-5]	0
v	27	388.02659336900024	388.10845107900013	388.85907761399994	0	389.096371826	389.26170611	389.2455753710001	[5]	0
v	28	390.992372185	391.14970154899993	391.903910044	0	392.13610083000003	392.277360475	392.2112762649999	[-5]	1
v	29	394.00796071000013	394.26861515400014	395.0196838900001	0	395.3922701719998	395.39431909799987	395.02017473800015	[-5]	1
v	30	397.12350788599997	397.25355359700006	398.0045902080001	0	398.3362537799999	398.392055495	398.37584204799987	[5]	0
n	31	400.1226311260002	400.48559694000005	401.2364825620002	0	401.4881320909999	401.6077158359999	401.44197568300024	[-5]	0
v	32	403.3382265260002	403.49333123999986	404.24453405600025	0	404.5441481869998	404.623330332	404.3576983769999	[5]	0
v	33	406.35381928800007	406.46917558799987	407.220101202	0	407.5361640199999	407.6057128540001	407.32333684700006	[-5]	1
n	34	409.33679025799984	409.3410295640001	410.0916398270001	0	410.344179533	410.4714442740001	410.3057007020002	[5]	1
v	35	412.2031803519999	412.4286018990001	413.17973874100016	0	413.4401962239999	413.55386403500006	413.38813295299997	[-5]	1
v	36	415.28444240199997	415.35782490400015	416.1087220919999	0	416.45622741199986	416.48618695899995	416.10921078599995	[-5]	1
n	37	418.21724711700017	418.316458451	419.06754602599995	0	419.3361901940002	419.45192229199984	419.269475308	[-5]	0
v	38	421.18262698299986	421.32524082300006	422.0766614580002	0	422.3202330119998	422.45095114800006	422.3847887390002	[5]	0
v	39	424.18170317500017	424.364580639	425.1153650760002	0	425.41643891800004	425.49994927199987	425.11584895099986	[-5]	1
n	40	427.23045452099996	427.27031972299983	428.0214319370002	0	428.2647242500002	428.4156442379999	428.3995560809999	[-5]	0
v	41	430.1461538190001	430.205035557	430.9561070720001	0	431.24026869399995	431.33135956800015	431.2652833530001	[5]	0
v	42	433.065271038	433.17254760800006	433.92338194600006	0	434.14430151299985	434.3137323249998	434.2975666369998	[5]	0
n	43	436.04410996800016	436.1657646919998	436.916809455	0	437.160378092	437.3127658379999	437.29668463300004	[5]	1
v	44	439.0432958440001	439.076879447	439.8274746070001	0	440.13644479999994	440.2118166619998	440.12938020599995	[5]	0
n	45	441.944100145	442.08462356200016	442.8359314909999	0	443.08045416100003	443.22752975599997	443.21142295300024	[-5]	0
v	46	444.95795703500016	445.01291476999995	445.7636477310002	0	446.00036837200014	446.15989903699983	446.1437659160001	[-5]	1
n	47	447.8904518180002	448.14885606999997	448.90021075699997	0	449.2004243719998	449.275548866	449.0099267549999	[5]	1
v	48	451.00681050899993	451.24614744300015	451.9974022030001	0	452.24841047100017	452.39122834499994	452.37504364100005	[5]	0
v	1	458.52582346200006	458.836843518	459.58754794000015	0	459.87250691300005	459.98877165600015	459.97270131100004	[5]	0
n	2	461.7192843849998	461.8621543690001	462.61319921899985	0	462.8965588179999	462.98785536900004	462.72209518299996	[5]	1
v	3	464.71864495399996	464.94947104699986	465.70048684099993	0	466.0244978300002	466.08682285199984	465.8044928969998	[-5]	1
n	4	467.81748002099994	468.10940497799993	468.8604963319999	0	469.0965917540002	469.23580663099983	468.86098479500015	[5]	1
v	5	470.9663502630001	471.1089888370002	471.8595281470002	0	472.2006774659999	472.251482355	472.235419182	[-5]	1
n	6	473.98206320200006	474.1170674589998	474.8676156820002	0	475.1685620019998	475.2505961380002	475.0681419460002	[5]	1
v	7	476.9815469519999	477.07791502300006	477.8285109650001	0	478.1046864159998	478.199602315	478.0338749130001	[-5]	1
n	8	479.93040555200014	480.02902135600016	480.78013526899986	0	481.05663203999984	481.16528647099994	481.08261340399986	[5]	1
v	9	482.8956424349999	483.0781774249999	483.828673602	0	484.1606900920001	484.214345804	483.8291640120001	[-5]	1
v	10	485.9447089710002	486.0291578370002	486.7797456809999	0	487.1207268339999	487.16337488599993	486.7806595679999	[-5]	1
v	11	488.8938370000001	488.9336768379999	489.68448161000015	0	489.96875418399986	490.06244321199983	489.897224113	[-5]	1
n	12	491.7928501299998	491.902016386	492.65322515100024	0	492.9847601729998	493.0281820360001	492.6537127040001	[5]	1
n	13	494.75926295	494.8934767300002	495.64457072899995	0	495.91274972200017	496.02719462000005	495.96108687100013	[-5]	0
v	14	497.75810292100005	497.77318110199985	498.52439939199985	0	498.8089215350001	498.90961308700025	498.8268731960002	[-5]	1
v	15	500.64008308500024	500.7575457510002	501.50837132900006	0	501.6967951319998	501.90870574400014	501.8929222890001	[5]	0
n	16	503.6391364199999	503.9016124330001	504.6527129020001	0	504.94481606299996	505.0243946659998	504.7586162749999	[-5]	0
v	17	506.754932197	507.02959229	507.7808095979999	0	508.05691291799985	508.17340098600016	508.15713204500025	[-5]	1
v	18	509.9042091450001	510.15037089999987	510.90206846499996	0	511.15287367200017	511.28899123200017	511.10660600500023	[5]	0
n	19	513.0198088279999	513.1498056780001	513.9008499649999	0	514.2409888560001	514.2880733769998	514.2719285640001	[-5]	0
v	20	516.0187088829998	516.0459668990002	516.7970556949999	0	517.0489932139999	517.170437153	517.0046650250001	[5]	0
v	21	518.901847482	518.989806348	519.7408222650001	0	520.0729652230002	520.1195441170003	519.8538240349999	[5]	0
n	22	521.8499191270002	522.013620876	522.7646543199999	0	523.0410018050002	523.1518583450002	523.1357570290002	[5]	1
v	23	524.8825474529999	524.958020738	525.7092434900001	0	526.0330368780001	526.1009149259999	526.0847282579998	[5]	0
n	24	527.8312835050001	527.8773752870002	528.6280965579999	0	528.913097223	529.0166381459999	529.000497171	[-5]	0
v	25	530.747220273	530.7814904800002	531.5337508040002	0	531.8410632569999	531.9157227310002	531.850918564	[5]	0
n	26	533.646394714	533.8625057889999	534.614050913	0	534.9050954270001	534.998166247	534.815669909	[5]	1
v	27	536.7283050159999	536.8856785450002	537.6361876370001	0	537.945149142	538.0138196160001	537.9490817730002	[-5]	1
v	28	539.7452410690003	539.917547771	540.6687145619999	0	540.9452954990002	541.0461640960002	540.7804762669998	[-5]	1
n	29	542.7766493909999	542.9424038460002	543.6936507320002	0	543.9211977640002	544.078546021	543.9957226780002	[-5]	0
v	30	545.8090640519999	545.9895687200001	546.7405844290001	0	547.0412245850002	547.1441991430002	547.1280536130002	[-5]	1
n	31	548.8753361160002	549.0224059339998	549.7734198050002	0	550.0812351949999	550.159891114	549.7739106489998	[5]	1
n	32	551.8902611660001	552.0957013880002	552.8467220379998	0	553.1372874019999	553.2423078380002	553.2260741519999	[5]	1
v	33	554.9732199650002	555.0780181270002	555.8290318969998	0	556.12932598	556.2079862649998	555.942265617	[5]	0
n	34	557.9384939679999	558.261964239	559.0130243459998	0	559.3373595950002	559.4069539470001	559.3908060970002	[-5]	0
v	35	561.137624431	561.1737629899999	561.9244686289999	0	562.2174033020001	562.3060372949999	562.1403710899999	[-5]	1
n	36	564.0371591550002	564.2138262570002	564.964706791	0	565.2334135189999	565.3384007770001	565.0727532579999	[5]	1
v	37	567.0691407210002	567.2789851769999	568.0301033720002	0	568.337829087	568.4041057019999	568.3388041140001	[5]	0
n	38	570.1349334060001	570.143122981	570.8941406590002	0	571.1696802420001	571.2865103130002	571.2703272680001	[5]	1
v	39	573.0171039920001	573.1660850409999	573.917115668	0	574.2016970139998	574.3022224179999	573.9175999290001	[-5]	1
n	40	576.0331824260002	576.3583222920001	577.109380463	0	577.3695714529999	577.5012046299998	577.4851023020001	[5]	1
v	41	579.2322378019999	579.34209113	580.0927845380002	0	580.2415932610002	580.4669803209999	580.3008008510001	[-5]	1
n	42	582.1981210889999	582.334486921	583.0853067120001	0	583.337622433	583.4827063480002	583.4665363899999	[-5]	0
n	43	585.2131076159999	585.374566768	586.1257741469999	0	586.3296192339999	586.5150256289999	586.498950957	[5]	1
v	44	588.2453008000002	588.375440114	589.1266269850003	0	589.3937128799998	589.4974144110001	589.4313084589999	[5]	0
n	45	591.2280922200002	591.5116208240001	592.2621598619999	0	592.5377484290002	592.6464201059998	592.2626667330001	[5]	1
v	46	594.3772861460002	594.6781886059998	595.4292089260002	0	595.737786529	595.8120794269998	595.529689901	[-5]	1
v	47	597.542348592	597.8149572799998	598.565979217	0	598.9139131010002	598.9444218230001	598.5664910129999	[-5]	1
n	48	600.6767501079999	600.9912151389999	601.7423413430001	0	601.978199697	602.1434390989998	602.1272417929999	[-5]	0
v	1	607.6150874569998	607.9991345540002	608.7504135009999	0	608.8104871559999	609.124528201	608.958437844	[-5]	1
n	2	610.854911291	610.9198180779999	611.6708754219999	0	611.9779791370001	612.073595157	612.0575055730001	[5]	1
n	3	613.8042610880002	614.054381125	614.805516331	0	615.1700382120002	615.18928615	614.8060044580002	[5]	1
v	4	616.9197464869999	616.9994529800001	617.7505563059999	0	618.0420407810002	618.121680405	617.9559202740002	[5]	0
n	5	619.8521390619999	619.9825024780002	620.7336711480002	0	621.0020644629999	621.1373826260001	621.1212417940001	[-5]	0
n	6	622.8681892650002	622.9834289770001	623.7340608519999	0	624.0661622530001	624.119837324	623.7345740280002	[5]	1
v	7	625.8501896890002	626.0473250169998	626.7980483320002	0	627.138133123	627.185480221	626.798561268	[-5]	1
n	8	628.9159513889999	629.1993184060002	629.9504987519999	0	630.2025534610002	630.3512024229999	630.3350222909999	[-5]	0
n	9	632.0816656490001	632.2159494359998	632.9670448470001	0	633.2503595369999	633.3670475950003	633.3506764190001	[-5]	0
v	10	635.0973202939999	635.1749150240003	635.9259729760001	0	636.2103059340002	636.2992471000002	636.13349281	[-5]	1
n	11	638.029981101	638.4873330250002	639.2379333520003	0	639.482373796	639.6315375529998	639.6154404439999	[5]	1
v	12	641.3619014270002	641.607314889	642.3583668310002	0	642.5943716659999	642.7305856010003	642.6644096300001	[5]	0
v	13	644.4613711759998	644.7907731730002	645.5418665679999	0	645.890410344	645.9129015940002	645.5423734770002	[-5]	1
n	14	647.6433768299999	647.7273151630002	648.4786448489999	0	648.8264428960001	648.8620314919999	648.5795878120002	[5]	1
v	15	650.592302601	650.6635804960001	651.4153900450001	0	651.7385215190002	651.7943923789999	651.415873296	[-5]	1
n	16	653.5249363050002	653.606929131	654.3579674299999	0	654.6505459949999	654.7601189880002	654.7439392289998	[-5]	0
v	17	656.4906906599999	656.622957998	657.3741974519999	0	657.61857147	657.7758263810001	657.7596754619999	[5]	0
v	18	659.506297209	659.6154027580001	660.3664766390002	0	660.7066153760002	660.741607467	660.3669683110002	[-5]	1
n	19	662.47182815	662.6150651590001	663.3661016679998	0	663.682689836	663.7573142199999	663.7410871699999	[5]	1
v	20	665.487979215	665.6160482350001	666.3667949209998	0	666.6266969459998	666.7396741299999	666.474062498	[-5]	1
n	21	668.4701989740001	668.4791648290002	669.2303632630001	0	669.498732393	669.605460755	669.539300549	[-5]	0
v	22	671.3364955920001	671.5993031910002	672.3503689660001	0	672.5787745349999	672.7211124400001	672.4553799650002	[-5]	1
n	23	674.4515086330002	674.6635986440001	675.4147026609999	0	675.6828345650001	675.8034712070003	675.787301073	[5]	1
v	24	677.5336258870002	677.5592153809998	678.3098257370002	0	678.5868303900002	678.685843021	678.520137818	[-5]	1
n	25	680.4167127720002	680.5360619439998	681.2871393650003	0	681.5229376060001	681.6682901849999	681.5025378979999	[-5]	0
v	26	683.399423155	683.663872179	684.4151500769999	0	684.667152599	684.8006981970002	684.5182487719999	[5]	0
v	27	686.5309835090002	686.703509077	687.4541233529999	0	687.8189953390001	687.849670953	687.834734171	[-5]	1
n	28	689.5803522370002	689.8318427130002	690.5829236509999	0	690.8750946230002	690.9653428719998	690.7996531650001	[5]	1
n	29	692.696366095	692.8075748430001	693.5586497640002	0	693.851158165	693.9477777120001	693.9316221939998	[-5]	0
v	30	695.6782975189999	695.7517437400002	696.5028214459999	0	696.7792766130001	696.8801851100002	696.8140610169999	[5]	0
n	31	698.6107112630002	698.656877717	699.4079053410001	0	699.6991536629998	699.7792364030001	699.5139428709999	[-5]	0
v	32	701.5100182380002	701.5917101290001	702.3428548229999	0	702.619229209	702.7283400480001	702.545918537	[5]	0
v	33	704.4586855729999	704.5845738590001	705.3352329909999	0	705.667264483	705.727402083	705.711219545	[5]	0
n	34	707.4577862330002	707.6088286469999	708.3598547850002	0	708.6437204670001	708.7430970959999	708.6614717570001	[-5]	0
n	35	710.4746635440001	710.6633379589998	711.414427015	0	711.7393425949999	711.792174923	711.4149200530001	[5]	1
v	36	713.5225890030001	713.6169117210002	714.3677216159999	0	714.6113974280001	714.757926969	714.7417953990002	[-5]	1
n	37	716.4886724470002	716.639888789	717.3911365100003	0	717.7474256390001	717.7736068610002	717.5078889470001	[5]	1
n	38	719.504119619	719.600516253	720.3517570660001	0	720.6356244090002	720.722669794	720.5569548369999	[5]	1
v	39	722.4538129450002	722.6486502500002	723.4001628199999	0	723.691578291	723.7717047710003	723.7067930819999	[-5]	1
n	40	725.502254948	725.7456575740002	726.4968552599998	0	726.7156067300002	726.8874086350002	726.8712590599998	[5]	1
v	41	728.6181354320001	728.8887930139999	729.6398699209999	0	729.9557369519998	730.0364334770002	730.0202713429999	[-5]	1
n	42	731.7673047590001	731.832253133	732.582789954	0	732.868081785	732.9688620820002	732.8861630279998	[-5]	0
v	43	734.6996121530001	734.9284796699999	735.679588854	0	735.9637425689998	736.051270983	735.9851263380001	[5]	0
n	44	737.781761918	737.9284662240002	738.6795183250001	0	738.9558626809999	739.0502726	738.9842313079998	[5]	1
v	45	740.7809019370002	740.9130662090001	741.6639383070001	0	741.947790742	742.0493311770001	741.7669758699999	[-5]	1
n	46	743.7798169890002	743.9203864440001	744.671474618	0	745.0119002249999	745.0484172199999	744.782704322	[5]	1
v	47	746.779092492	746.881659827	747.6329366919999	0	747.939934216	748.0308482519999	748.0146561269999	[5]	0
n	48	749.7616729629999	749.7682973750002	750.518870459	0	750.787957256	750.8966261300002	750.519362091	[5]	1
v	1	794.3138965510002	794.8342288859999	795.585489563	0	795.8847206609998	795.9658339329999	795.5859711090002	[-5]	1
n	2	797.695985238	798.0571324799998	798.8081967439998	0	799.0527892119999	799.1981707190002	799.1821234069998	[5]	1
v	3	800.9286829050002	801.3532971630002	802.104405346	0	802.4048724959998	802.4804621220001	802.3147648939998	[5]	0
v	4	804.21102703	804.4733261890001	805.2243956850002	0	805.5169456670001	805.5961612410001	805.2248860320001	[-5]	1
n	5	807.3270459119999	807.3458934559999	808.0970558150002	0	808.3729673739999	808.4785955349998	808.3128997570002	[-5]	0
n	6	810.2089758100001	810.538495277	811.2893959630001	0	811.5489983030002	811.6609166449998	811.289880111	[5]	1
v	7	813.3912199910001	813.6178307660002	814.3691039780001	0	814.653037736	814.760011246	814.7437969030002	[5]	0
v	8	816.4906554150002	817.1375349780001	817.888612661	0	818.1491234559999	818.2922778020002	818.276107399	[-5]	1
v	9	820.022486498	820.6581451669999	821.4092256509998	0	821.733170083	821.7911342110001	821.4097124230002	[-5]	1
n	10	823.5218399979999	823.5937288690002	824.3448258779999	0	824.6132778780002	824.7236245429999	824.457831055	[-5]	0
v	11	826.4540732219998	826.6660386500002	827.4186794980001	0	827.7172831950002	827.7893202690002	827.6234932000002	[-5]	1
v	12	829.5194985369999	829.7617435400002	830.5122792309999	0	830.7736342550002	830.904959293	830.8888759880001	[5]	0
n	13	832.6352568870002	832.8344998120001	833.585811634	0	833.8696815550002	833.987349941	833.9712193609998	[5]	1
v	14	835.7180308689999	835.770267072	836.5211506129999	0	836.8295091079999	836.90306354	836.8381477950002	[-5]	1
n	15	838.6337084659999	838.8982510239998	839.6492624809998	0	839.925460592	840.0354479970001	839.6497503999999	[5]	1
v	16	841.7661021879999	841.8666658810002	842.6179494789999	0	842.96555635	843.0011849970001	842.7189322849999	[-5]	1
n	17	844.73170949	844.9539791980001	845.7050959769999	0	846.0216334649999	846.083566623	846.0177917830001	[5]	1
n	18	847.8139627599999	848.3700747309999	849.1213701269999	0	849.3819121299998	849.499256006	849.3334179540002	[-5]	0
v	19	851.230042791	851.3705139220001	852.1216659319998	0	852.389701775	852.498271509	852.4321334249998	[5]	0
n	20	854.2289737280003	854.3547417230002	855.1057798749998	0	855.405790363	855.4806403060002	855.415696213	[-5]	0
v	21	857.2110892820001	857.226193253	857.9773136140002	0	858.2938804189998	858.3630676030002	858.0807093960002	[5]	0
n	22	860.0935989330001	860.250866799	861.002040332	0	861.2698796720001	861.3788181129999	861.2130581440001	[5]	1
n	23	863.1094700110002	863.2584204929999	864.0095691750003	0	864.3179208340002	864.3945349810001	864.010053688	[5]	1
[]	24	866.1251203440002	866.3705289320001	867.121106051	0	0.0	867.4939680840002	867.2279593389999	[5]	na
n	25	869.2244240280002	869.3462004450002	870.0975667560001	0	870.3585148390002	870.4927042560003	870.4765618900001	[-5]	0
v	26	872.2232730720002	872.3072039059998	873.0583438670001	0	873.3421714209999	873.4584067420001	873.4422912509999	[5]	0
n	27	875.188685141	875.3545243220001	876.105616927	0	876.4541578889998	876.4907723300003	876.4083539200001	[-5]	0
v	28	878.2213625680001	878.4353245380003	879.1859074449999	0	879.4223860470001	879.5731863850001	879.5570124780002	[-5]	1
n	29	881.3034139360002	881.5552567129998	882.305969177	0	882.6543835570001	882.70554102	882.6894179159999	[5]	1
v	30	884.4361459739998	884.5873288940002	885.3383748900001	0	885.622675863	885.7379350330002	885.721780203	[5]	0
n	31	887.4689319039999	887.5632791009998	888.3140509670002	0	888.5904041889999	888.7036969310002	888.6876114870001	[-5]	0
v	32	890.4341550220001	890.7152984640002	891.4660836110002	0	891.8304660660001	891.8527335950002	891.7703181530001	[5]	0
v	33	893.5841935070002	893.8028924979999	894.5540204590002	0	894.9265434009999	894.9363570410001	894.5545273369999	[-5]	1
n	34	896.6655163629998	897.0431621399998	897.794459659	0	898.0706426749998	898.1674147510003	898.0016699070002	[5]	1
v	35	899.8980668600002	900.1711004970002	900.9221328369999	0	901.1989250679999	901.2997987650001	901.2336425540002	[-5]	1
n	36	903.030277248	903.403776052	904.1545206589999	0	904.446697713	904.5487858669999	904.5326062600002	[-5]	0
v	37	906.279046352	906.4846928299999	907.2357037649999	0	907.5267497290001	907.6311683530002	907.6149965509999	[-5]	1
n	38	909.361670106	909.5485829089998	910.2997200929999	0	910.58286262	910.6801799340001	910.514534381	[5]	1
[]	39	912.4103778819999	912.4522959300002	913.2029336410001	0	0.0	913.5796826659998	913.203420801	[5]	na
v	40	915.3096443650002	915.4192718170002	916.169972233	0	916.4709506590002	916.5616987819999	916.5456177219999	[-5]	1
n	41	918.2924525540002	918.3721147440001	919.123482726	0	919.391020734	919.4943784390002	919.228426138	[-5]	0
v	42	921.2253206629998	921.3155227020002	922.0667248620002	0	922.2790556690002	922.4598950620002	922.4437242700001	[5]	0
v	43	924.1905884759999	924.467503205	925.2184603159999	0	925.527428328	925.5923209470002	925.3265446720002	[5]	0
n	44	927.3232853270001	927.4513535780002	928.202428131	0	928.4791648730002	928.5746602630002	928.3090163669999	[-5]	0
v	45	930.3049157270002	930.6995584450001	931.4503011790002	0	931.7512441939998	931.8236633810002	931.758734513	[5]	0
n	46	933.5539579820002	933.70925184	934.460335582	0	934.7592919449999	934.8393871950002	934.573675959	[5]	1
v	47	936.5699847870001	936.7566728709999	937.5077130300001	0	937.783367688	937.8884573559999	937.7227367340001	[-5]	1
n	48	939.6194038930003	939.7957472339999	940.5470561060001	0	940.87144352	940.937510619	940.9214298080001	[-5]	0
n	1	946.316741616	946.6679641250003	947.419115486	0	947.7195809139998	947.8020484489998	947.419609477	[5]	1
v	2	949.5326249200002	949.5724838169999	950.3235210580001	0	950.6796299040002	950.7011490569998	950.4355158570002	[-5]	1
n	3	952.4316398450001	952.4609146379998	953.2121521419999	0	953.5116782129999	953.5836081410002	953.2126419870001	[5]	1
v	4	955.3142607310001	955.4281125890002	956.1794759610002	0	956.4397645670001	956.566151519	956.483702219	[-5]	1
n	5	958.296723385	958.3491648660001	959.1001936160001	0	959.3841663899998	959.4817685550001	959.216065004	[5]	1
n	6	961.2123939900002	961.2772201850003	962.028282965	0	962.2641505820002	962.4142301239999	962.2317952389999	[5]	1
v	7	964.1449954579998	964.405494692	965.1565801360002	0	965.527954918	965.546594374	965.531959211	[5]	0
n	8	967.27722683	967.3724374459998	968.1236683960001	0	968.4079736150002	968.4956676400002	968.329909861	[-5]	0
v	9	970.2273218230002	970.3176291129998	971.0688390250002	0	971.3920403349998	971.444768588	971.1790412149999	[5]	0
v	10	973.175157916	973.468766473	974.2199615469999	0	974.568103309	974.5938351240002	974.220452647	[-5]	1
n	11	976.3244064149999	976.3495711609999	977.1006358569998	0	977.344474514	977.4929304020002	977.4767812250002	[-5]	0
v	12	979.223349336	979.3974880410001	980.1485237530001	0	980.408468567	980.5419400440001	980.5257799730002	[-5]	1
n	13	982.272584368	982.4446733260002	983.1958444430002	0	983.4962970229999	983.5743589600002	983.408599335	[-5]	0
v	14	985.30482966	985.3971538800001	986.1480965740002	0	986.4643520149998	986.5401083780002	986.5239762290003	[-5]	1
v	15	988.270687358	988.3252680410001	989.0761278220002	0	989.35242096	989.4559294360001	989.1901671330002	[5]	0
v	16	991.1866500679998	991.333419739	992.0841103510002	0	992.3845767399998	992.4549403659998	992.3904518140002	[5]	0
n	17	994.1855749760002	994.2611723260002	995.0122294080002	0	995.280534298	995.4041038300002	995.3878892900002	[-5]	0
v	18	997.1348105810002	997.197776725	997.9484621050001	0	998.2326039760001	998.3198613099999	998.1540677140001	[5]	0
n	19	1000.050129448	1000.0857358510002	1000.8368014160001	0	1001.200744411	1001.2356427740001	1001.2194251790002	[-5]	0
v	20	1002.9664862959999	1003.0531256230001	1003.8036217509998	0	1004.1127394569999	1004.2013276490002	1004.1851527580002	[5]	0
n	21	1005.9316186760002	1006.1731585819998	1006.9240238990001	0	1007.2088571069999	1007.3003604099999	1007.2342705599999	[-5]	0
n	22	1009.0312281289998	1009.1255046699998	1009.8765267160002	0	1010.1369045890001	1010.2494726999998	1010.084011293	[5]	1
v	23	1011.9802295	1012.0220642300001	1012.7731625219999	0	1013.0969263540001	1013.1485589859999	1012.8832949339999	[-5]	1
n	24	1014.8792484969999	1014.910683132	1015.6616875999998	0	1015.9689768759999	1016.0476731819999	1015.9652312040002	[5]	1
n	25	1017.7783530800002	1017.9903752720002	1018.7411852089999	0	1019.0090145099998	1019.130106049	1019.113933011	[5]	1
v	26	1020.8604588190001	1020.9974888860002	1021.7486189880001	0	1022.0492989250001	1022.1458372890002	1022.1296292319998	[5]	0
v	27	1023.876683985	1024.0466290549998	1024.797903053	0	1025.1773759540001	1025.179619905	1025.1124225039998	[-5]	1
n	28	1026.908766907	1026.9190850139998	1027.6701851470002	0	1028.001224133	1028.0607424200002	1028.0445081799999	[-5]	0
b	29	1029.7914787640002	1029.806153945	1030.557408104	0	1030.8094670770001	1030.943097725	1030.55789993	[5]	
n	30	1032.1565770739999	1032.4149841520002	1033.1655877379999	0	1033.4414743090001	1033.542298324	1033.376539415	[5]	1
n	31	1035.272781664	1035.6149013509998	1036.365980869	0	1036.6174284469998	1036.741366483	1036.6751899370001	[5]	1
v	32	1038.47225579	1039.8700832250001	1040.6212918279998	0	1040.9295028739998	1041.0233244259998	1041.007157554	[5]	0
n	33	1042.754033748	1042.98259393	1043.7336848280002	0	1043.913545083	1044.1223832209998	1044.106237564	[5]	1
v	34	1045.8529757860001	1046.0781036950002	1046.8288504390002	0	1047.1456323520001	1047.2048172149998	1046.939069213	[5]	0
n	35	1048.9355491259998	1049.006902213	1049.758168288	0	1050.0657587209998	1050.137187716	1049.971436881	[-5]	0
v	36	1051.8678710499998	1052.1594725109999	1052.910599709	0	1053.2177949840002	1053.2862210849999	1053.120473717	[-5]	1
v	37	1055.0169543850002	1055.0547668590002	1055.805962129	0	1056.154142323	1056.1853177520002	1055.806471211	[-5]	1
v	38	1057.9162393790002	1058.054672586	1058.8057431359998	0	1059.0738921329998	1059.1844181239999	1058.9191392789999	[-5]	1
n	39	1060.9149402980001	1061.0954085940002	1061.846542067	0	1062.0739603450002	1062.233477324	1062.1507145350001	[5]	1
v	40	1063.9639020099999	1064.006419204	1064.7574724649999	0	1065.082228064	1065.1492966330002	1065.133093979	[5]	0
v	41	1066.87998861	1067.190481147	1067.940999043	0	1068.19410384	1068.3149273180002	1067.941487513	[-5]	1
v	42	1070.045608584	1070.286851329	1071.0380085890001	0	1071.3142476990001	1071.4307240439998	1071.414547761	[-5]	1
n	43	1073.1610132310002	1073.511512987	1074.262476198	0	1074.538299499	1074.6630765180003	1074.646869821	[5]	1
v	44	1076.3937674960002	1076.5346333080001	1077.2858524419999	0	1077.5222599499998	1077.662076487	1077.3963927129998	[-5]	1
n	45	1079.39262641	1079.5037425240002	1080.255035265	0	1080.5063824949998	1080.6278547350003	1080.255523576	[5]	1
v	46	1082.358177188	1082.622863614	1083.373623735	0	1083.6904647430001	1083.77689806	1083.760710775	[-5]	1
n	47	1085.507235137	1085.6393383150003	1086.390382992	0	1086.642729452	1086.7760402509998	1086.6931524860001	[-5]	0
v	48	1088.507894294	1088.790986592	1089.5421105710002	0	1089.834667298	1089.924997517	1089.5426159879999	[-5]	1
v	1	1096.528251155	1096.920360305	1097.6714070439998	0	1097.8987967950002	1098.0558264229999	1097.7734581200002	[-5]	1
n	2	1099.7860904580002	1099.823903162	1100.5751620290002	0	1100.8508362870002	1100.954994655	1100.88882195	[5]	1
v	3	1102.6856404159998	1102.952031416	1103.702639304	0	1103.946916686	1104.0873750730002	1104.004509589	[-5]	1
v	4	1105.818244169	1105.9591595269999	1106.710207564	0	1106.9553351680001	1107.0864278120002	1106.920627515	[5]	0
v	5	1108.8168270209999	1109.0313926140002	1109.7823218960002	0	1110.0750559040002	1110.18544282	1110.169278166	[5]	0
n	6	1111.9156472690001	1111.9434588220001	1112.694524393	0	1112.995084347	1113.067938712	1113.0029310200002	[-5]	0
v	7	1114.7986230830002	1114.8887247819998	1115.6398598260002	0	1115.907157954	1116.0336978589999	1116.0175004500002	[-5]	1
v	8	1117.7640911150002	1117.8164779479998	1118.5675840170002	0	1118.8994492380002	1118.9494249549998	1118.5680699979998	[-5]	1
n	9	1120.68021576	1120.759974994	1121.511218472	0	1121.779337992	1121.881866579	1121.716120871	[-5]	0
v	10	1123.612349222	1123.7131060780002	1124.4643440650002	0	1124.771348872	1124.8476303920002	1124.565208308	[-5]	1
n	11	1126.5782839180001	1126.607777365	1127.359001074	0	1127.6354223520002	1127.730029751	1127.6639910090003	[5]	1
v	12	1129.4605800499999	1129.6409750530001	1130.392050243	0	1130.6914715930002	1130.779166919	1130.6974892980002	[5]	0
v	13	1132.510294012	1132.6237696930002	1133.3747899539999	0	1133.65957385	1133.761554832	1133.4791757570001	[-5]	1
n	14	1135.4920893029998	1135.7691948699999	1136.520333458	0	1136.8121042359999	1136.8939317600002	1136.521261847	[5]	1
v	15	1138.6243944860003	1139.113333916	1139.8643669980002	0	1140.1558011930001	1140.242897017	1139.977178062	[-5]	1
v	16	1141.9730924209998	1142.0884877510002	1142.8395086780001	0	1143.1158685760001	1143.2420283729998	1143.2258267870002	[5]	0
n	17	1144.9730986160002	1144.977409921	1145.728448709	0	1145.98780756	1146.107780247	1145.728942668	[-5]	0
v	18	1147.8384566529999	1147.904326761	1148.655475614	0	1148.9159182140002	1149.0402383310002	1148.655961813	[-5]	1
v	19	1150.7708116130002	1150.9846837989999	1151.73581926	0	1151.972145844	1152.1392365709999	1152.1230698260001	[5]	0
v	20	1153.8697288480002	1153.976767821	1154.7274249329998	0	1155.020035948	1155.1049909100002	1154.839286241	[5]	0
n	21	1156.835807597	1156.9613104609998	1157.712354148	0	1157.9481765669998	1158.10409433	1158.087932241	[5]	1
v	22	1159.834535769	1159.889219964	1160.640409747	0	1160.932156332	1161.036527833	1161.020336871	[-5]	1
n	23	1162.7671469380002	1162.872301467	1163.6231648110002	0	1163.916381896	1164.0022709690002	1163.836534079	[5]	1
v	24	1165.7328631260002	1165.9301886580001	1166.681274442	0	1166.9643782910002	1167.0680019860001	1166.885669031	[5]	0
n	25	1168.798210243	1168.888705282	1169.639792936	0	1169.980376993	1170.0171518729999	1169.851325046	[-5]	0
v	26	1171.7480836099999	1171.856966405	1172.6074700489999	0	1172.836442444	1172.982900855	1172.9168049730001	[-5]	1
n	27	1174.7151316230002	1174.721381714	1175.472569611	0	1175.7646964639998	1175.848648015	1175.4730602660002	[5]	1
v	28	1177.579420523	1177.6089902019999	1178.3597905450001	0	1178.636597781	1178.7310829130001	1178.5653577809999	[-5]	1
n	29	1180.461843819	1180.841556807	1181.5924687729998	0	1181.8526509070002	1181.996751222	1181.980627474	[5]	1
v	30	1183.727272746	1183.8175376	1184.5686182630002	0	1184.9007222270002	1184.9458716469999	1184.680164208	[5]	0
n	31	1186.67634274	1186.745579208	1187.4963968759998	0	1187.764826385	1187.894947626	1187.879257469	[-5]	0
n	32	1189.6255531890001	1189.745054476	1190.496132842	0	1190.820913993	1190.8774226360001	1190.6116962720002	[5]	1
v	33	1192.607752816	1192.7212618070002	1193.472309792	0	1193.796949989	1193.85985257	1193.843720624	[-5]	1
n	34	1195.590495634	1195.865602082	1196.6167447510002	0	1196.8770043139998	1197.008881143	1196.9927561509999	[-5]	0
v	35	1198.739363009	1198.8504312310001	1199.6009399989998	0	1199.901074683	1199.991275029	1199.9751893829998	[-5]	1
v	36	1201.7215433860001	1201.8264545400002	1202.577702866	0	1202.877158892	1202.973690626	1202.9575361820002	[-5]	1
n	37	1204.7041234869998	1204.731197867	1205.4817259010001	0	1205.741214003	1205.8562090619998	1205.7900037959998	[-5]	0
v	38	1207.586416788	1207.6661687629999	1208.417031988	0	1208.7332996569999	1208.788578477	1208.4175233340002	[-5]	1
n	39	1210.519177365	1210.617854435	1211.368976568	0	1211.669368767	1211.7543484940002	1211.369463989	[5]	1
n	40	1213.4846018100002	1213.7138185889999	1214.465161091	0	1214.765469164	1214.8367461379999	1214.4656531219998	[5]	1
n	41	1216.5681170890002	1216.6749551480002	1217.425436867	0	1217.6455541720002	1217.8025308770002	1217.636744861	[5]	1
v	42	1219.533890573	1219.7710137469999	1220.521753654	0	1220.7735668280002	1220.901576242	1220.835443844	[5]	0
n	43	1222.632053885	1222.7390226400003	1223.490347591	0	1223.7896552840002	1223.867353617	1223.6017866890002	[5]	1
v	44	1225.5978965170002	1225.818378806	1226.5692124820002	0	1226.8856792340002	1226.9664197289999	1226.9502104560001	[5]	0
n	45	1228.6970731840001	1228.7158153700002	1229.467565026	0	1229.750105519	1229.8488812179999	1229.6830812070002	[-5]	0
v	46	1231.579413287	1231.6743499049999	1232.424838896	0	1232.7258622119998	1232.814605685	1232.7984810950002	[-5]	1
n	47	1234.5450837980002	1234.5869933929998	1235.3380838550001	0	1235.630275469	1235.730384381	1235.7142230509999	[5]	1
v	48	1237.460809137	1237.595133712	1238.345912486	0	1238.6621447530001	1238.746110606	1238.7299386590003	[5]	0
n	1	1244.723111366	1245.0985173489998	1245.849225474	0	1246.0942244809999	1246.227139126	1245.8497080759998	[5]	1
[]	2	1247.95730633	1247.9866709060002	1248.7379691340002	0	0.0	1249.1105194719999	1248.843880861	[-5]	na
v	3	1250.840266006	1251.0269177750001	1251.7777872360002	0	1252.0383025239998	1252.158673556	1251.9929356050002	[5]	0
n	4	1253.88923274	1253.914719983	1254.6659046210002	0	1254.9747959229999	1255.0411081400002	1254.875417329	[-5]	0
v	5	1256.7716882690002	1256.8678990130002	1257.619470273	0	1257.918456729	1257.99021205	1257.925275175	[-5]	1
n	6	1259.72081583	1259.762871302	1260.5140100630001	0	1260.790512002	1260.905992214	1260.8899142670002	[-5]	0
n	7	1262.6366050249999	1262.739302211	1263.4905843750003	0	1263.734597492	1263.8884230140002	1263.8723076279998	[5]	1
v	8	1265.6191288989999	1265.707259842	1266.45842377	0	1266.7746647	1266.837523824	1266.5717927239998	[5]	0
v	9	1268.568508848	1268.652207609	1269.4033511080002	0	1269.7028767400002	1269.78664888	1269.5042378150001	[-5]	1
n	10	1271.516938962	1271.6679313690001	1272.4190166080002	0	1272.7190648	1272.8190301969998	1272.8028971489998	[-5]	0
v	11	1274.5498804919998	1274.6509241540002	1275.4016047700002	0	1275.6871786380002	1275.7848022070002	1275.7032216510001	[-5]	1
n	12	1277.515426471	1277.660246114	1278.4113892680002	0	1278.703132705	1278.783869294	1278.411878772	[5]	1
n	13	1280.5148538530002	1280.5484279810003	1281.299465441	0	1281.607080794	1281.699669349	1281.68350629	[5]	1
v	14	1283.430230548	1283.5394784310001	1284.2901276530001	0	1284.5910605590002	1284.665431668	1284.290638944	[-5]	1
v	15	1286.39598278	1286.4593746189998	1287.211267615	0	1287.511146458	1287.5978574239998	1287.211761698	[-5]	1
b	16	1289.3283221360002	1289.5171627149998	1290.268395473	0	1290.5992260849998	1290.6469354340002	1290.381257091	[5]	
n	17	1291.860349563	1292.1246402380002	1292.875885854	0	1293.151371084	1293.2794651650001	1293.263440066	[5]	1
n	18	1295.010447519	1295.2202051539998	1295.9708159329998	0	1296.223364563	1296.3618783769998	1296.345914813	[-5]	0
v	19	1298.092485913	1298.1245216319999	1298.875589354	0	1299.1594221619998	1299.260964047	1299.078593187	[5]	0
n	20	1300.991526071	1301.251824976	1302.003019054	0	1302.2715035209999	1302.376688663	1302.2109524430002	[5]	1
v	21	1304.1074465259999	1304.220736018	1304.971992977	0	1305.239574881	1305.359173376	1305.3429314559999	[5]	0
n	22	1307.0894575809998	1307.2531745760002	1308.0041613029998	0	1308.2557043370002	1308.3748591909998	1308.3087182650002	[5]	1
v	23	1310.1057932029998	1310.188107808	1310.939304677	0	1311.2398649020001	1311.340614924	1311.324454643	[5]	0
n	24	1313.071320298	1313.1175133739998	1313.868543908	0	1314.15179484	1314.2397216620002	1314.173614669	[-5]	0
v	25	1315.9704949739998	1315.980932676	1316.732005933	0	1317.0561428750002	1317.1221997880002	1317.1060907830001	[-5]	1
n	26	1318.8530333130002	1318.876290311	1319.627458804	0	1319.975938996	1320.0213120409999	1320.0051686790002	[-5]	0
n	27	1321.7519954190002	1321.8364445920001	1322.5874824339999	0	1322.887966184	1322.970452306	1322.688027735	[5]	1
n	28	1324.700903559	1324.757441145	1325.5084924860003	0	1325.7840769579998	1325.8862489470002	1325.820042628	[-5]	0
n	29	1327.616724946	1327.765830027	1328.5165242460002	0	1328.808153813	1328.9185950800002	1328.902531285	[5]	1
v	30	1330.6493906280002	1330.6766146139998	1331.4272900800001	0	1331.7203852100001	1331.8010664029998	1331.535341615	[5]	0
n	31	1333.531849214	1333.6450373369998	1334.3957161869998	0	1334.6483026300002	1334.766919191	1334.3962085150001	[5]	1
n	32	1336.497432875	1336.637974069	1337.389134036	0	1337.672363481	1337.7658952259999	1337.6001543500001	[-5]	0
v	33	1339.4964648579999	1339.5808322950002	1340.331629069	0	1340.648865571	1340.7316539889998	1340.715482089	[5]	0
n	34	1342.4625609190002	1342.5651438969999	1343.315905502	0	1343.6005917779999	1343.71410174	1343.6979342559998	[-5]	0
v	35	1345.4446870850002	1345.50143195	1346.2523023100002	0	1346.568592604	1346.6298790179999	1346.5640949600001	[5]	0
v	36	1348.3607159520002	1348.4299532559999	1349.181144537	0	1349.4966234160001	1349.562314672	1349.2966050579998	[-5]	1
v	37	1351.292787507	1351.3894066130001	1352.140636778	0	1352.45679643	1352.5280867860001	1352.1411237490001	[-5]	1
n	38	1354.258567707	1354.3024091080001	1355.052931617	0	1355.3368707660002	1355.443912144	1355.42767929	[-5]	0
v	39	1357.1745447419999	1357.3905085760002	1358.141240948	0	1358.360852678	1358.5429210870002	1358.5267970190002	[-5]	1
n	40	1360.2734645790001	1360.2860368030001	1361.037074251	0	1361.2889774999999	1361.408860604	1361.3425845000002	[5]	1
v	41	1363.139346715	1363.1498665089998	1363.900474521	0	1364.177188918	1364.2911651580002	1364.2750069610001	[5]	0
v	42	1366.0218880410002	1366.1497747889998	1366.9008472310002	0	1367.185097257	1367.2735865660002	1367.0078720840002	[-5]	1
n	43	1369.0046842860002	1369.061297543	1369.8122950840002	0	1370.153164792	1370.1894000050002	1370.023626482	[5]	1
n	44	1371.920358845	1372.037617169	1372.7886967270001	0	1373.081239094	1373.1717922920002	1372.9895083010001	[-5]	0
v	45	1374.902010964	1375.0617405450002	1375.812498155	0	1376.0733143950001	1376.1875421979998	1376.02179816	[-5]	1
n	46	1377.918199615	1378.117746555	1378.8685552910001	0	1379.177400097	1379.2532678819998	1378.869043571	[5]	1
v	47	1380.9834845660002	1381.006498059	1381.757693437	0	1382.105531369	1382.1357312559999	1381.758182013	[-5]	1
n	48	1383.8662832720001	1384.0619801950002	1384.813067052	0	1385.017725884	1385.1848065	1385.1187400990002	[5]	1
v	1	1391.318766539	1391.7913910400002	1392.5419429130002	0	1392.818105594	1392.9324836669998	1392.916285584	[5]	0
[]	2	1394.6631163729999	1394.67817676	1395.429212248	0	0.0	1395.815283854	1395.429697433	[-5]	na
v	3	1397.5455670259998	1398.295113315	1399.0461857619998	0	1399.2819917709999	1399.4304754170003	1399.0466943770002	[-5]	1
v	4	1401.1604998010002	1401.2150430430002	1401.965935881	0	1402.25810382	1402.346260234	1402.280148973	[-5]	1
n	5	1404.0769681269999	1404.0873327539998	1404.8383770770001	0	1405.114477405	1405.212054734	1404.8388685260002	[5]	1
v	6	1406.9439873350002	1407.2064529990002	1407.95754218	0	1408.226141866	1408.3444606859998	1408.062042828	[5]	0
n	7	1410.0754128600001	1410.134550533	1410.885181394	0	1411.1061968529998	1411.2769094680002	1411.260749049	[-5]	0
n	8	1413.007259251	1413.1268928109998	1413.8779538190001	0	1414.266269051	1414.2772602680002	1414.2601916180001	[5]	1
v	9	1416.006704556	1416.095099779	1416.846276459	0	1417.178324941	1417.225071367	1416.9593563920002	[5]	0
n	10	1418.9558782980002	1419.023163811	1419.774490198	0	1420.1144570780002	1420.157575654	1420.075116982	[5]	1
[]	11	1421.8882096410002	1421.8948632699999	1422.6459892500002	0	0.0	1423.040481135	1423.0242144439999	[-5]	na
n	12	1424.770647975	1424.839718742	1425.5908408690002	0	1425.8505913140002	1425.9726220850002	1425.59132822	[5]	1
v	13	1427.7027293330002	1427.960876693	1428.7118686550002	0	1428.9786523399998	1429.104816824	1429.0886784640002	[5]	0
n	14	1430.8365517820002	1430.935037413	1431.686124509	0	1431.906818078	1432.0705635690001	1431.8882219470001	[5]	1
v	15	1433.8011146879999	1433.999225563	1434.7499324999999	0	1435.0908177760002	1435.152957672	1435.136805351	[-5]	1
n	16	1436.8838871120001	1436.9361062040002	1437.687134882	0	1438.035091544	1438.068740909	1438.003371417	[5]	1
v	17	1439.799388198	1439.8316875209998	1440.5827455909998	0	1440.898939823	1440.9845037989999	1440.9683568579999	[5]	0
n	18	1442.71513646	1442.759071505	1443.51015079	0	1443.755026463	1443.883623747	1443.5106595880002	[5]	1
n	19	1445.6143802790002	1445.7194253359999	1446.4704873350001	0	1446.699334288	1446.849394068	1446.4709760270002	[5]	1
n	20	1448.5801009790002	1448.7355000950001	1449.4861373990002	0	1449.771256385	1449.865253378	1449.799038527	[5]	1
n	21	1451.5960331259998	1451.9275702610003	1452.6786309220001	0	1452.9230089510002	1453.064198518	1452.781802378	[-5]	0
n	22	1454.796163035	1454.8007313419998	1455.5518452649999	0	1455.843319256	1455.9300387040003	1455.664265724	[-5]	0
v	23	1457.6607798740001	1457.7596807270002	1458.5109504390002	0	1458.827469886	1458.91240689	1458.8963031429998	[-5]	1
n	24	1460.643383904	1460.712561026	1461.463684505	0	1461.69945443	1461.8616481120002	1461.845344623	[-5]	0
v	25	1463.5923328590002	1463.632205885	1464.3834678030003	0	1464.683695919	1464.7773295840002	1464.761116278	[5]	0
n	26	1466.507826356	1466.6336439820002	1467.384757882	0	1467.6757508239998	1467.776431799	1467.7602043759998	[5]	1
v	27	1469.5071220610002	1469.7610244359998	1470.512222247	0	1470.811801324	1470.8920969360001	1470.72637914	[-5]	1
n	28	1472.6227139970001	1472.688285664	1473.439557571	0	1473.7637878260002	1473.841204715	1473.8251254759998	[-5]	0
v	29	1475.572226023	1475.809323377	1476.559923919	0	1476.8118273189998	1476.9407563989998	1476.674575597	[-5]	1
[]	30	1478.670683207	1478.712679961	1479.4634782450003	0	0.0	1479.839769496	1479.463965337	[-5]	na
n	31	1481.570219585	1481.6894860450002	1482.4406468759998	0	1482.659990476	1482.821819278	1482.6560507939998	[-5]	0
v	32	1484.5525090259998	1484.5692253850002	1485.3198983870002	0	1485.6202244830001	1485.704276247	1485.521846004	[-5]	1
v	33	1487.435458948	1487.4815837659999	1488.232138281	0	1488.572149257	1488.6033842900001	1488.4376487509999	[5]	0
v	34	1490.3342030080003	1490.5608026670002	1491.312046642	0	1491.596299036	1491.685776411	1491.5200371270003	[5]	0
n	35	1493.416496378	1493.4648392939998	1494.215454014	0	1494.5006583	1494.6016154939998	1494.319201022	[5]	1
v	36	1496.332183258	1496.457903007	1497.2089934639998	0	1497.492501579	1497.5840689890001	1497.517876644	[5]	0
n	37	1499.314668896	1499.480837739	1500.2319793709999	0	1500.540513505	1500.6164034500002	1500.4340072630002	[-5]	0
v	38	1502.347095737	1502.433046529	1503.184340658	0	1503.492540497	1503.5655194280002	1503.500596765	[-5]	1
n	39	1505.2963655869999	1505.409685087	1506.160969509	0	1506.396922198	1506.5479788910002	1506.4651412839999	[-5]	0
v	40	1508.2787563910001	1508.31308374	1509.0636158460002	0	1509.3726649179998	1509.44704726	1509.064103956	[-5]	1
n	41	1511.17773034	1511.31423554	1512.065137485	0	1512.3327342329999	1512.4462167380002	1512.1804367620002	[5]	1
v	42	1514.1768284589998	1514.338534815	1515.089250125	0	1515.324901512	1515.478582968	1515.4625321510002	[5]	0
n	43	1517.2094260079998	1517.545264673	1518.2964026280001	0	1518.540954699	1518.677650314	1518.5118390410003	[5]	1
v	44	1520.408914612	1520.50536774	1521.2564102420001	0	1521.5649903550002	1521.6433505129999	1521.5609387109998	[-5]	1
n	45	1523.374223445	1523.5146732849998	1524.2657916140001	0	1524.501067352	1524.6591191510001	1524.642962603	[-5]	0
v	46	1526.389721309	1526.4655737050002	1527.2168773469998	0	1527.51712657	1527.6082066140002	1527.5920530600001	[5]	0
v	47	1529.3389700480002	1529.465635568	1530.2162391309998	0	1530.493239808	1530.590656546	1530.3249411279999	[-5]	1
n	48	1532.3226502520001	1532.385664942	1533.1369829750001	0	1533.4052947179998	1533.5397474350002	1533.5235979479999	[-5]	0
