trial	speed	player_pos	ball_pos	direction	distance	broad	jitter	change_loc	trial_nr	block
16	0.5	5	1	+	9	5	0.6	-8	1	0
25	0.5	5	1	+	9	5	0.75	-1	2	0
13	0.5	5	1	+	9	5	0.3	-5	3	0
28	0.5	5	1	+	9	5	0.3	-4	4	0
14	0.5	5	1	+	9	5	0.9	-6	5	0
4	0.5	5	1	-	9	5	0.9	-4	6	0
22	0.5	5	1	-	9	5	0.6	-6	7	0
20	0.5	5	1	-	9	5	0.9	-4	8	0
8	0.5	5	1	-	9	5	0.3	-8	9	0
23	0.5	5	1	-	9	5	0.44999999999999996	-7	10	0
15	0.5	5	1	+	9	5	0.9	-7	11	0
17	0.5	5	1	-	9	5	0.44999999999999996	-1	12	0
6	0.5	5	1	-	9	5	0.3	-6	13	0
9	0.5	5	1	+	9	5	0.3	-1	14	0
12	0.5	5	1	+	9	5	0.75	-4	15	0
21	0.5	5	1	-	9	5	0.75	-5	16	0
30	0.5	5	1	+	9	5	0.44999999999999996	-6	17	0
11	0.5	5	1	+	9	5	0.3	-3	18	0
19	0.5	5	1	-	9	5	0.3	-3	19	0
26	0.5	5	1	+	9	5	0.6	-2	20	0
32	0.5	5	1	+	9	5	0.75	-8	21	0
1	0.5	5	1	-	9	5	0.44999999999999996	-1	22	0
24	0.5	5	1	-	9	5	0.44999999999999996	-8	23	0
18	0.5	5	1	-	9	5	0.9	-2	24	0
3	0.5	5	1	-	9	5	0.3	-3	25	0
5	0.5	5	1	-	9	5	0.44999999999999996	-5	26	0
27	0.5	5	1	+	9	5	0.44999999999999996	-3	27	0
29	0.5	5	1	+	9	5	0.9	-5	28	0
2	0.5	5	1	-	9	5	0.44999999999999996	-2	29	0
7	0.5	5	1	-	9	5	0.9	-7	30	0
10	0.5	5	1	+	9	5	0.75	-2	31	0
31	0.5	5	1	+	9	5	0.6	-7	32	0
20	0.5	5	1	-	9	5	0.9	-4	1	1
27	0.5	5	1	+	9	5	0.44999999999999996	-3	2	1
26	0.5	5	1	+	9	5	0.6	-2	3	1
24	0.5	5	1	-	9	5	0.44999999999999996	-8	4	1
21	0.5	5	1	-	9	5	0.75	-5	5	1
31	0.5	5	1	+	9	5	0.6	-7	6	1
22	0.5	5	1	-	9	5	0.6	-6	7	1
7	0.5	5	1	-	9	5	0.9	-7	8	1
1	0.5	5	1	-	9	5	0.44999999999999996	-1	9	1
18	0.5	5	1	-	9	5	0.9	-2	10	1
29	0.5	5	1	+	9	5	0.9	-5	11	1
10	0.5	5	1	+	9	5	0.75	-2	12	1
3	0.5	5	1	-	9	5	0.3	-3	13	1
6	0.5	5	1	-	9	5	0.3	-6	14	1
19	0.5	5	1	-	9	5	0.3	-3	15	1
25	0.5	5	1	+	9	5	0.75	-1	16	1
13	0.5	5	1	+	9	5	0.3	-5	17	1
16	0.5	5	1	+	9	5	0.6	-8	18	1
4	0.5	5	1	-	9	5	0.9	-4	19	1
28	0.5	5	1	+	9	5	0.3	-4	20	1
23	0.5	5	1	-	9	5	0.44999999999999996	-7	21	1
9	0.5	5	1	+	9	5	0.3	-1	22	1
14	0.5	5	1	+	9	5	0.9	-6	23	1
2	0.5	5	1	-	9	5	0.44999999999999996	-2	24	1
5	0.5	5	1	-	9	5	0.44999999999999996	-5	25	1
32	0.5	5	1	+	9	5	0.75	-8	26	1
12	0.5	5	1	+	9	5	0.75	-4	27	1
15	0.5	5	1	+	9	5	0.9	-7	28	1
8	0.5	5	1	-	9	5	0.3	-8	29	1
11	0.5	5	1	+	9	5	0.3	-3	30	1
17	0.5	5	1	-	9	5	0.44999999999999996	-1	31	1
30	0.5	5	1	+	9	5	0.44999999999999996	-6	32	1
22	0.5	5	1	-	9	5	0.6	-6	1	2
4	0.5	5	1	-	9	5	0.9	-4	2	2
15	0.5	5	1	+	9	5	0.9	-7	3	2
11	0.5	5	1	+	9	5	0.3	-3	4	2
27	0.5	5	1	+	9	5	0.44999999999999996	-3	5	2
16	0.5	5	1	+	9	5	0.6	-8	6	2
14	0.5	5	1	+	9	5	0.9	-6	7	2
7	0.5	5	1	-	9	5	0.9	-7	8	2
31	0.5	5	1	+	9	5	0.6	-7	9	2
29	0.5	5	1	+	9	5	0.9	-5	10	2
21	0.5	5	1	-	9	5	0.75	-5	11	2
20	0.5	5	1	-	9	5	0.9	-4	12	2
19	0.5	5	1	-	9	5	0.3	-3	13	2
18	0.5	5	1	-	9	5	0.9	-2	14	2
12	0.5	5	1	+	9	5	0.75	-4	15	2
2	0.5	5	1	-	9	5	0.44999999999999996	-2	16	2
6	0.5	5	1	-	9	5	0.3	-6	17	2
25	0.5	5	1	+	9	5	0.75	-1	18	2
24	0.5	5	1	-	9	5	0.44999999999999996	-8	19	2
10	0.5	5	1	+	9	5	0.75	-2	20	2
13	0.5	5	1	+	9	5	0.3	-5	21	2
5	0.5	5	1	-	9	5	0.44999999999999996	-5	22	2
9	0.5	5	1	+	9	5	0.3	-1	23	2
32	0.5	5	1	+	9	5	0.75	-8	24	2
23	0.5	5	1	-	9	5	0.44999999999999996	-7	25	2
28	0.5	5	1	+	9	5	0.3	-4	26	2
1	0.5	5	1	-	9	5	0.44999999999999996	-1	27	2
17	0.5	5	1	-	9	5	0.44999999999999996	-1	28	2
30	0.5	5	1	+	9	5	0.44999999999999996	-6	29	2
3	0.5	5	1	-	9	5	0.3	-3	30	2
8	0.5	5	1	-	9	5	0.3	-8	31	2
26	0.5	5	1	+	9	5	0.6	-2	32	2
15	0.5	5	1	+	9	5	0.9	-7	1	3
28	0.5	5	1	+	9	5	0.3	-4	2	3
8	0.5	5	1	-	9	5	0.3	-8	3	3
2	0.5	5	1	-	9	5	0.44999999999999996	-2	4	3
16	0.5	5	1	+	9	5	0.6	-8	5	3
32	0.5	5	1	+	9	5	0.75	-8	6	3
21	0.5	5	1	-	9	5	0.75	-5	7	3
11	0.5	5	1	+	9	5	0.3	-3	8	3
1	0.5	5	1	-	9	5	0.44999999999999996	-1	9	3
9	0.5	5	1	+	9	5	0.3	-1	10	3
6	0.5	5	1	-	9	5	0.3	-6	11	3
10	0.5	5	1	+	9	5	0.75	-2	12	3
18	0.5	5	1	-	9	5	0.9	-2	13	3
20	0.5	5	1	-	9	5	0.9	-4	14	3
5	0.5	5	1	-	9	5	0.44999999999999996	-5	15	3
29	0.5	5	1	+	9	5	0.9	-5	16	3
14	0.5	5	1	+	9	5	0.9	-6	17	3
19	0.5	5	1	-	9	5	0.3	-3	18	3
23	0.5	5	1	-	9	5	0.44999999999999996	-7	19	3
22	0.5	5	1	-	9	5	0.6	-6	20	3
12	0.5	5	1	+	9	5	0.75	-4	21	3
27	0.5	5	1	+	9	5	0.44999999999999996	-3	22	3
3	0.5	5	1	-	9	5	0.3	-3	23	3
17	0.5	5	1	-	9	5	0.44999999999999996	-1	24	3
31	0.5	5	1	+	9	5	0.6	-7	25	3
25	0.5	5	1	+	9	5	0.75	-1	26	3
24	0.5	5	1	-	9	5	0.44999999999999996	-8	27	3
26	0.5	5	1	+	9	5	0.6	-2	28	3
7	0.5	5	1	-	9	5	0.9	-7	29	3
4	0.5	5	1	-	9	5	0.9	-4	30	3
13	0.5	5	1	+	9	5	0.3	-5	31	3
30	0.5	5	1	+	9	5	0.44999999999999996	-6	32	3
13	0.5	5	1	+	9	5	0.3	-5	1	4
21	0.5	5	1	-	9	5	0.75	-5	2	4
30	0.5	5	1	+	9	5	0.44999999999999996	-6	3	4
18	0.5	5	1	-	9	5	0.9	-2	4	4
26	0.5	5	1	+	9	5	0.6	-2	5	4
12	0.5	5	1	+	9	5	0.75	-4	6	4
1	0.5	5	1	-	9	5	0.44999999999999996	-1	7	4
16	0.5	5	1	+	9	5	0.6	-8	8	4
6	0.5	5	1	-	9	5	0.3	-6	9	4
17	0.5	5	1	-	9	5	0.44999999999999996	-1	10	4
11	0.5	5	1	+	9	5	0.3	-3	11	4
14	0.5	5	1	+	9	5	0.9	-6	12	4
29	0.5	5	1	+	9	5	0.9	-5	13	4
19	0.5	5	1	-	9	5	0.3	-3	14	4
24	0.5	5	1	-	9	5	0.44999999999999996	-8	15	4
2	0.5	5	1	-	9	5	0.44999999999999996	-2	16	4
8	0.5	5	1	-	9	5	0.3	-8	17	4
4	0.5	5	1	-	9	5	0.9	-4	18	4
5	0.5	5	1	-	9	5	0.44999999999999996	-5	19	4
28	0.5	5	1	+	9	5	0.3	-4	20	4
31	0.5	5	1	+	9	5	0.6	-7	21	4
27	0.5	5	1	+	9	5	0.44999999999999996	-3	22	4
3	0.5	5	1	-	9	5	0.3	-3	23	4
32	0.5	5	1	+	9	5	0.75	-8	24	4
7	0.5	5	1	-	9	5	0.9	-7	25	4
23	0.5	5	1	-	9	5	0.44999999999999996	-7	26	4
9	0.5	5	1	+	9	5	0.3	-1	27	4
22	0.5	5	1	-	9	5	0.6	-6	28	4
25	0.5	5	1	+	9	5	0.75	-1	29	4
15	0.5	5	1	+	9	5	0.9	-7	30	4
20	0.5	5	1	-	9	5	0.9	-4	31	4
10	0.5	5	1	+	9	5	0.75	-2	32	4
9	0.5	5	1	+	9	5	0.3	-1	1	5
13	0.5	5	1	+	9	5	0.3	-5	2	5
19	0.5	5	1	-	9	5	0.3	-3	3	5
7	0.5	5	1	-	9	5	0.9	-7	4	5
10	0.5	5	1	+	9	5	0.75	-2	5	5
1	0.5	5	1	-	9	5	0.44999999999999996	-1	6	5
21	0.5	5	1	-	9	5	0.75	-5	7	5
29	0.5	5	1	+	9	5	0.9	-5	8	5
24	0.5	5	1	-	9	5	0.44999999999999996	-8	9	5
22	0.5	5	1	-	9	5	0.6	-6	10	5
30	0.5	5	1	+	9	5	0.44999999999999996	-6	11	5
14	0.5	5	1	+	9	5	0.9	-6	12	5
3	0.5	5	1	-	9	5	0.3	-3	13	5
25	0.5	5	1	+	9	5	0.75	-1	14	5
27	0.5	5	1	+	9	5	0.44999999999999996	-3	15	5
2	0.5	5	1	-	9	5	0.44999999999999996	-2	16	5
23	0.5	5	1	-	9	5	0.44999999999999996	-7	17	5
6	0.5	5	1	-	9	5	0.3	-6	18	5
32	0.5	5	1	+	9	5	0.75	-8	19	5
26	0.5	5	1	+	9	5	0.6	-2	20	5
4	0.5	5	1	-	9	5	0.9	-4	21	5
8	0.5	5	1	-	9	5	0.3	-8	22	5
17	0.5	5	1	-	9	5	0.44999999999999996	-1	23	5
28	0.5	5	1	+	9	5	0.3	-4	24	5
5	0.5	5	1	-	9	5	0.44999999999999996	-5	25	5
12	0.5	5	1	+	9	5	0.75	-4	26	5
20	0.5	5	1	-	9	5	0.9	-4	27	5
31	0.5	5	1	+	9	5	0.6	-7	28	5
15	0.5	5	1	+	9	5	0.9	-7	29	5
11	0.5	5	1	+	9	5	0.3	-3	30	5
18	0.5	5	1	-	9	5	0.9	-2	31	5
16	0.5	5	1	+	9	5	0.6	-8	32	5
13	0.5	5	1	+	9	5	0.3	-5	1	6
3	0.5	5	1	-	9	5	0.3	-3	2	6
19	0.5	5	1	-	9	5	0.3	-3	3	6
16	0.5	5	1	+	9	5	0.6	-8	4	6
31	0.5	5	1	+	9	5	0.6	-7	5	6
20	0.5	5	1	-	9	5	0.9	-4	6	6
15	0.5	5	1	+	9	5	0.9	-7	7	6
30	0.5	5	1	+	9	5	0.44999999999999996	-6	8	6
29	0.5	5	1	+	9	5	0.9	-5	9	6
12	0.5	5	1	+	9	5	0.75	-4	10	6
11	0.5	5	1	+	9	5	0.3	-3	11	6
1	0.5	5	1	-	9	5	0.44999999999999996	-1	12	6
27	0.5	5	1	+	9	5	0.44999999999999996	-3	13	6
14	0.5	5	1	+	9	5	0.9	-6	14	6
26	0.5	5	1	+	9	5	0.6	-2	15	6
17	0.5	5	1	-	9	5	0.44999999999999996	-1	16	6
4	0.5	5	1	-	9	5	0.9	-4	17	6
2	0.5	5	1	-	9	5	0.44999999999999996	-2	18	6
10	0.5	5	1	+	9	5	0.75	-2	19	6
23	0.5	5	1	-	9	5	0.44999999999999996	-7	20	6
24	0.5	5	1	-	9	5	0.44999999999999996	-8	21	6
28	0.5	5	1	+	9	5	0.3	-4	22	6
7	0.5	5	1	-	9	5	0.9	-7	23	6
21	0.5	5	1	-	9	5	0.75	-5	24	6
5	0.5	5	1	-	9	5	0.44999999999999996	-5	25	6
18	0.5	5	1	-	9	5	0.9	-2	26	6
25	0.5	5	1	+	9	5	0.75	-1	27	6
6	0.5	5	1	-	9	5	0.3	-6	28	6
8	0.5	5	1	-	9	5	0.3	-8	29	6
9	0.5	5	1	+	9	5	0.3	-1	30	6
32	0.5	5	1	+	9	5	0.75	-8	31	6
22	0.5	5	1	-	9	5	0.6	-6	32	6
19	0.5	5	1	-	9	5	0.3	-3	1	7
18	0.5	5	1	-	9	5	0.9	-2	2	7
25	0.5	5	1	+	9	5	0.75	-1	3	7
17	0.5	5	1	-	9	5	0.44999999999999996	-1	4	7
22	0.5	5	1	-	9	5	0.6	-6	5	7
29	0.5	5	1	+	9	5	0.9	-5	6	7
13	0.5	5	1	+	9	5	0.3	-5	7	7
3	0.5	5	1	-	9	5	0.3	-3	8	7
26	0.5	5	1	+	9	5	0.6	-2	9	7
31	0.5	5	1	+	9	5	0.6	-7	10	7
14	0.5	5	1	+	9	5	0.9	-6	11	7
8	0.5	5	1	-	9	5	0.3	-8	12	7
16	0.5	5	1	+	9	5	0.6	-8	13	7
20	0.5	5	1	-	9	5	0.9	-4	14	7
11	0.5	5	1	+	9	5	0.3	-3	15	7
12	0.5	5	1	+	9	5	0.75	-4	16	7
23	0.5	5	1	-	9	5	0.44999999999999996	-7	17	7
5	0.5	5	1	-	9	5	0.44999999999999996	-5	18	7
24	0.5	5	1	-	9	5	0.44999999999999996	-8	19	7
9	0.5	5	1	+	9	5	0.3	-1	20	7
27	0.5	5	1	+	9	5	0.44999999999999996	-3	21	7
10	0.5	5	1	+	9	5	0.75	-2	22	7
15	0.5	5	1	+	9	5	0.9	-7	23	7
2	0.5	5	1	-	9	5	0.44999999999999996	-2	24	7
30	0.5	5	1	+	9	5	0.44999999999999996	-6	25	7
4	0.5	5	1	-	9	5	0.9	-4	26	7
7	0.5	5	1	-	9	5	0.9	-7	27	7
21	0.5	5	1	-	9	5	0.75	-5	28	7
32	0.5	5	1	+	9	5	0.75	-8	29	7
1	0.5	5	1	-	9	5	0.44999999999999996	-1	30	7
6	0.5	5	1	-	9	5	0.3	-6	31	7
28	0.5	5	1	+	9	5	0.3	-4	32	7
12	0.5	5	1	+	9	5	0.75	-4	1	8
20	0.5	5	1	-	9	5	0.9	-4	2	8
29	0.5	5	1	+	9	5	0.9	-5	3	8
2	0.5	5	1	-	9	5	0.44999999999999996	-2	4	8
30	0.5	5	1	+	9	5	0.44999999999999996	-6	5	8
11	0.5	5	1	+	9	5	0.3	-3	6	8
21	0.5	5	1	-	9	5	0.75	-5	7	8
22	0.5	5	1	-	9	5	0.6	-6	8	8
5	0.5	5	1	-	9	5	0.44999999999999996	-5	9	8
6	0.5	5	1	-	9	5	0.3	-6	10	8
19	0.5	5	1	-	9	5	0.3	-3	11	8
28	0.5	5	1	+	9	5	0.3	-4	12	8
10	0.5	5	1	+	9	5	0.75	-2	13	8
3	0.5	5	1	-	9	5	0.3	-3	14	8
31	0.5	5	1	+	9	5	0.6	-7	15	8
24	0.5	5	1	-	9	5	0.44999999999999996	-8	16	8
1	0.5	5	1	-	9	5	0.44999999999999996	-1	17	8
14	0.5	5	1	+	9	5	0.9	-6	18	8
7	0.5	5	1	-	9	5	0.9	-7	19	8
26	0.5	5	1	+	9	5	0.6	-2	20	8
9	0.5	5	1	+	9	5	0.3	-1	21	8
15	0.5	5	1	+	9	5	0.9	-7	22	8
27	0.5	5	1	+	9	5	0.44999999999999996	-3	23	8
4	0.5	5	1	-	9	5	0.9	-4	24	8
23	0.5	5	1	-	9	5	0.44999999999999996	-7	25	8
17	0.5	5	1	-	9	5	0.44999999999999996	-1	26	8
32	0.5	5	1	+	9	5	0.75	-8	27	8
25	0.5	5	1	+	9	5	0.75	-1	28	8
13	0.5	5	1	+	9	5	0.3	-5	29	8
18	0.5	5	1	-	9	5	0.9	-2	30	8
16	0.5	5	1	+	9	5	0.6	-8	31	8
8	0.5	5	1	-	9	5	0.3	-8	32	8
9	0.5	5	1	+	9	5	0.3	-1	1	9
21	0.5	5	1	-	9	5	0.75	-5	2	9
29	0.5	5	1	+	9	5	0.9	-5	3	9
23	0.5	5	1	-	9	5	0.44999999999999996	-7	4	9
32	0.5	5	1	+	9	5	0.75	-8	5	9
6	0.5	5	1	-	9	5	0.3	-6	6	9
10	0.5	5	1	+	9	5	0.75	-2	7	9
4	0.5	5	1	-	9	5	0.9	-4	8	9
18	0.5	5	1	-	9	5	0.9	-2	9	9
20	0.5	5	1	-	9	5	0.9	-4	10	9
27	0.5	5	1	+	9	5	0.44999999999999996	-3	11	9
19	0.5	5	1	-	9	5	0.3	-3	12	9
24	0.5	5	1	-	9	5	0.44999999999999996	-8	13	9
14	0.5	5	1	+	9	5	0.9	-6	14	9
22	0.5	5	1	-	9	5	0.6	-6	15	9
7	0.5	5	1	-	9	5	0.9	-7	16	9
16	0.5	5	1	+	9	5	0.6	-8	17	9
12	0.5	5	1	+	9	5	0.75	-4	18	9
28	0.5	5	1	+	9	5	0.3	-4	19	9
11	0.5	5	1	+	9	5	0.3	-3	20	9
31	0.5	5	1	+	9	5	0.6	-7	21	9
26	0.5	5	1	+	9	5	0.6	-2	22	9
30	0.5	5	1	+	9	5	0.44999999999999996	-6	23	9
25	0.5	5	1	+	9	5	0.75	-1	24	9
15	0.5	5	1	+	9	5	0.9	-7	25	9
17	0.5	5	1	-	9	5	0.44999999999999996	-1	26	9
3	0.5	5	1	-	9	5	0.3	-3	27	9
5	0.5	5	1	-	9	5	0.44999999999999996	-5	28	9
13	0.5	5	1	+	9	5	0.3	-5	29	9
2	0.5	5	1	-	9	5	0.44999999999999996	-2	30	9
1	0.5	5	1	-	9	5	0.44999999999999996	-1	31	9
8	0.5	5	1	-	9	5	0.3	-8	32	9
