response	trial_nr	t_start	t_set	t_ball	t_release	t_response	t_goal
v	1	14.32483575399965	1.024508713000614	1.3392532500001835	0	0.14488257499942847	1.6380236010008957
n	2	18.21774135799933	0.3087526880008227	0.6284552670003904	0	0.15481322400046338	0.9273987150008907
v	3	21.40042863800045	0.34885907899843005	0.6615782299995772	0	0.13125545999901078	0.9772175059988513
n	4	23.908222344000023	0.04215011999986018	0.35358089600049425	0	0.186896628998511	0.6687864439991245
v	5	26.107997881999836	0.2664972229995328	0.586083645999679	0	0.13063383400003659	0.8849298469995119
n	6	29.247075731998848	0.2877065520005999	0.5960025809999934	0	0.09406507099993178	0.9114707570006431
v	7	31.689511287999267	0.11753340300128912	0.43618011100079457	0	0.14772842899947136	0.7349665060010011
v	8	34.67890783399889	0.2709478670003591	0.5791351810003107	0	0.1272923129999981	0.8774328760009666
n	9	37.81131557799927	0.3233413730013126	0.6462514249997184	0	0.1277214140009164	0.944436535000932
v	10	41.01068225000017	0.2834400680003455	0.5951169379986823	0	0.1316383900011715	0.9108068379991892
v	11	43.451735745000406	0.28990438699838705	0.6034375909985101	0	0.11446362500100804	0.9193937359996198
n	12	45.90214217999892	0.055515011999887065	0.36896484200042323	0	0.09822900200015283	0.685047218001273
v	13	48.118269560000044	0.18480062399976305	0.5022022319990356	0	0.14105256900074892	0.817540611998993
n	14	50.466947936	0.22672924300059094	0.5362656799989054	0	0.1025201010015735	0.8521173150002141
n	15	52.85016658600034	0.24371984800018254	0.5520748359995196	0	0.13532940100049018	0.8509212539993314
v	16	55.9561701549992	0.18670178600041254	0.49517801300135034	0	0.11026298899923859	0.7941729699996358
n	17	59.00521205199948	0.616980902999785	0.9285396190007305	0	0.180123972999354	1.2273470250001992
v	18	62.487725687999045	0.26251112099998863	0.5787959890003549	0	0.12682652700095787	0.8771187960010138
v	19	65.61999598200055	0.2749577649992716	0.5952734349993989	0	0.11432554699968023	0.8938526369984174
v	20	68.7688579709993	0.2856692830009706	0.595269551000456	0	0.1253595559992391	0.9107390629997099
n	21	71.21006997800032	0.1889873259988235	0.5032282279989886	0	0.12841782699979376	0.8018262810001033
v	22	74.26733272099955	0.27520848700078204	0.5952454029993532	0	0.1311451080000552	0.893728495000687
v	23	77.41625243999988	0.31882558100005554	0.6284013059994322	0	0.1412698799995269	0.9270602319993486
n	24	80.59861139599889	0.12808640100047342	0.44496562700078357	0	0.0784332799994445	0.7605286630005139
v	25	82.89037655900029	0.18072089899942512	0.5024016049992497	0	0.14490239699989615	0.8179342789990187
v	26	85.23927240800003	0.3991057469993393	0.7196016189991497	0	0.12324916000034136	1.034834404999856
n	27	87.8054072599989	0.24190067100062151	0.5528384590015776	0	0.10792111699993256	0.8515251890003128
v	28	90.91207472099995	0.2623979380005039	0.5785354260005988	0	0.14361708699834708	0.8938613680002163
n	29	93.33812560899969	0.20431340700088185	0.5183548200002406	0	0.0818876220000675	0.8169537739995576
n	30	96.41078076799931	0.2453003990012803	0.5608152000004338	0	0.19862501900024654	0.8599932380002429
n	31	99.5257744999999	0.1616851439994207	0.47863375099950645	0	0.1895722070003103	0.7772747309991246
n	32	102.55815448499925	0.27264179099984176	0.5953701020007429	0	0.09723705400028848	0.894029290000617
v	33	105.70734078699934	0.2836556410002231	0.5951795439996204	0	0.14780406300087634	0.8938404150012502
v	34	108.85641474899967	0.09452793399941584	0.412031432000731	0	0.14195155599918508	0.71059549399979
v	35	111.82438397399892	0.26262646400027734	0.5759784780002519	0	0.12185965299977397	0.8749840240016056
n	36	114.95462707399929	0.26031061700086866	0.5779604409999592	0	0.189522812001087	0.893740269000773
v	37	117.38064572099938	0.2501355140011583	0.5679566750004597	0	0.158127192999018	0.8670175229999586
n	38	120.50275794699883	0.09664798700032406	0.41210155700173345	0	0.08000391399946238	0.7270883569999569
v	39	122.76075927599959	0.06311851000100432	0.3697852540008171	0	0.1120201489993633	0.6851409539995075
n	40	124.97799467999903	0.2140354399998614	0.5350228839997726	0	0.0978823530003865	0.8505013379999582
v	41	127.35979916100041	0.007172788999014301	0.3195932009984972	0	0.13901998900109902	0.6348224399989704
n	42	129.5256670559993	0.24980063899965899	0.5691517909999675	0	0.147537517001183	0.8846174810005323
v	43	131.94163591299912	0.22655453600054898	0.5359066880009777	0	0.08496362199912255	0.8347491140011698
v	44	135.03148556899941	0.3676322490009625	0.6784785190011462	0	0.18849883599978057	0.9773383400006423
n	45	138.26361780200023	0.09650289399905887	0.41223570100009965	0	0.11927217599986761	0.7274615269998321
v	46	140.52191724399927	0.15760523199969612	0.46956509499977983	0	0.1155581870007154	0.785004528999707
v	47	142.83793182999943	0.21835029700014275	0.5367637870003819	0	0.10062934099914855	0.8517705560007016
n	48	145.2211604949989	0.050441035000403645	0.36895757500133186	0	0.0926661100002093	0.6676393890011241
v	49	148.14508272000057	0.25436132099821407	0.5605981779990543	0	0.12917124100022193	0.8763305339998624
v	50	150.55338953499995	0.2703153309994377	0.5846630960004404	0	0.08915360299943131	0.9005006949992094
n	51	152.98476420000043	0.054739986999265966	0.3694744399999763	0	0.11263952999979665	0.6684058249993541
n	52	155.90962977199888	0.21822629100097402	0.5269295970010717	0	0.2549002220002876	0.8257873990005464
n	53	158.9913844499988	0.16008330600016052	0.47774562100130424	0	0.11788841899942781	0.7932837660009682
v	54	161.31584513800044	0.23563389099945198	0.5521798119989398	0	0.11140157100089709	0.8681900859992311
n	55	163.71471553099946	0.2687650530006067	0.586483954999494	0	0.11020256300071196	0.885135922999325
v	56	166.85564962699937	0.2163820850000775	0.527732530999856	0	0.21209256499969342	0.8266158070000529
v	57	169.94181563999882	0.2351503120007692	0.557506902001478	0	0.10388601699924038	0.8561059880012181
n	58	173.0553929960006	0.2328281430000061	0.5425551419994008	0	0.1252798459991027	0.8416471239997918
v	59	176.15301946699947	0.30424719499933417	0.6107491870006925	0	0.1439186619991233	0.9261235590001888
n	60	178.60981153399916	0.15810611200140556	0.4698753350003244	0	0.11636773999998695	0.768631283999639
v	61	181.63417026199932	0.22242635099973995	0.5444662690006226	0	0.12913572799880058	0.8601318860000902
n	62	184.0255938800001	0.3988650549999875	0.7190899519991945	0	0.13913992299967504	1.017882213998746
v	63	187.2993802229994	0.2770284409998567	0.59421461599959	0	0.14178543200068816	0.8929055789994891
n	64	190.44885097099905	0.25593531600134156	0.5770528850007395	0	0.1296043849997659	0.8760875190000661
n	65	193.5812728159999	0.5310380299997632	0.8435895330003405	0	0.14665761499963992	1.1422956459991838
v	66	196.98080151700015	0.27521804299976793	0.5932625549994555	0	0.12583084700054314	0.908547416998772
v	67	199.42077199199957	0.6441920899997058	0.9521826239997608	0	0.1750910920000024	1.2676208339998993
n	68	202.21940692299904	0.3407644260005327	0.6529252220007038	0	0.13926250000076834	0.9684022680012276
v	69	204.71891873200002	0.06535978200008685	0.38603083599991805	0	0.12310573200011277	0.701452158000393
n	70	206.95194755900047	0.2561984289986867	0.5689965589990607	0	0.2428308750004362	0.867521341999236
n	71	210.076599774	0.26858614699995087	0.5764541859989549	0	0.175062374000845	0.8920398829995975
v	72	212.49920399300026	0.29370783299964387	0.6030056620002142	0	0.16615901299883262	0.9019029519986361
n	73	215.65909526199903	0.27719047400023555	0.5922583540013875	0	0.0888121649986715	0.907675537000614
v	74	218.09784572199897	0.24782729300022766	0.5693972110002505	0	0.15305813099985244	0.8848641840013443
n	75	220.51414782599932	0.22250147100021422	0.5357217689997924	0	0.09886019900113752	0.8513461849997839
v	76	222.8964578260002	0.05724756099880324	0.36927321199982543	0	0.15427872199870762	0.6681184589997429
n	77	225.82144159400013	0.1953284809987963	0.5101188979988365	0	0.12051621600039653	0.8088614209991647
n	78	228.8894033100005	0.2876192199983052	0.6077363730000798	0	0.13934380199862062	0.9235062539992214
v	79	231.34365442200033	0.042136952999499044	0.35274159599975974	0	0.13226920699889888	0.6683431539986486
n	80	233.5434195050002	0.017300094999882276	0.33575560799909	0	0.20515203899958578	0.6346531899998809
n	81	236.4357348149988	0.22100730100100918	0.5424111780012026	0	0.25841668599969125	0.8412085470008606
n	82	239.53455151100025	0.13014515699978801	0.44264386400027433	0	0.14737019799940754	0.7414210979986819
n	83	242.5348888489989	0.050734618000205955	0.3582570270009455	0	0.11154024099960225	0.6735167590013589
v	84	244.73966549899887	0.04631320500084257	0.35260725200168963	0	0.13652537299822143	0.6514850210005534
n	85	247.64947568999924	0.2647047530008422	0.5754560850000416	0	0.13988802899984876	0.8906369739997899
n	86	250.07137698000042	0.4342824909999763	0.7524835709991748	0	0.2845546259995899	1.0679413669986388
v	87	252.67117863800013	0.24350536899873987	0.5517417179999029	0	0.12580145100037043	0.8506645319994277
n	88	255.78012602200033	0.21414564199949382	0.5253530829995725	0	0.10711578600057692	0.840932248000172
v	89	258.1529542190001	0.1681569379998109	0.48522674800005916	0	0.11078056299993477	0.8006403130002582
n	90	260.4846101429994	0.285319550001077	0.6026035369995952	0	0.12575225100044918	0.9182806740009255
v	91	262.93346097299946	0.26026709799953096	0.5699298939998698	0	0.09320495599968126	0.8684626529993693
n	92	266.06225912899936	0.20352185699994152	0.5229868000005808	0	0.13133501799893565	0.8388243789995613
v	93	268.4324566380001	0.008702584000275237	0.3193050760000915	0	0.22878364699863596	0.6179700809989299
v	94	271.30945153500033	0.2520944169991708	0.5745540919997438	0	0.12104373199872498	0.8734405750001315
v	95	274.4417274259995	0.27962409400061006	0.5912947939996229	0	0.0761529370010976	0.8900799630009715
v	96	277.5906922089998	0.27496197700020275	0.5912725260004663	0	0.2309280769986799	0.8902269240006717
v	97	280.7418299210003	0.21209488499880536	0.5224580529993545	0	0.1331381899999542	0.8211899429988989
n	98	283.82293517700055	0.17219571599889605	0.4904230929987534	0	0.3395441230004508	0.8070096649989864
n	99	286.160578093999	0.29815155000142113	0.6187462540001434	0	0.15366941499996756	0.917420857000252
v	100	289.336629419	0.20161218999965058	0.508234007998908	0	0.1446924250012671	0.8071245999999519
n	101	292.4021314139991	0.07151688800149714	0.39184083200052555	0	0.12308808799934923	0.7075130590001208
v	102	294.6415320220003	0.06514365399925737	0.3854875239994726	0	0.07438144600018859	0.6840106620002189
v	103	297.5843985110005	0.2501511069986009	0.5582207069983269	0	0.11897985300129221	0.8734381669983122
n	104	299.98944513899914	0.1974113779997424	0.5189335590002884	0	0.1047339020005893	0.8343869290001749
v	105	302.35598535700046	0.21414413299862645	0.5350857479988917	0	0.08284456000001228	0.8504706989988335
n	106	304.7381174080001	0.0651097629997821	0.38546510199921613	0	0.13031434399999853	0.7009249299990188
v	107	306.9704886719992	0.19284654500006582	0.5021165360012674	0	0.14934647699919879	0.8178193790008663
n	108	309.3201529170001	0.10582783999961975	0.4189213400004519	0	0.09919659099978162	0.7172911929992551
v	109	312.2968225069999	0.29813485399972706	0.6075504149994231	0	0.14911870600008115	0.9064290549995349
n	110	315.463410078999	0.13061354700039374	0.4400768840005185	0	0.09437331600020116	0.7390340510009992
v	111	318.4608843629994	0.0943964230009442	0.4082675740010018	0	0.21672083199882763	0.7238372869996965
v	112	320.71660337200046	0.13434997199874488	0.45205353899837064	0	0.30103910000070755	0.7694874849985354
n	113	323.7439818929997	0.22666111900070973	0.54043181400084	0	0.09755176699945878	0.8556531720005296
v	114	326.1315397189992	0.09478511700035597	0.40205846299977566	0	0.14486670100086485	0.7008017500011192
v	115	329.0919764680002	0.13450828999884834	0.457141168999442	0	0.16094427600000927	0.7561548779995064
v	116	332.10669322300055	0.24773731599998428	0.558450422999158	0	0.19700001499950304	0.873647512999014
n	117	334.5125482709991	0.14573591000043962	0.46820133100118255	0	0.12145039600000018	0.7670549209997262
n	118	337.5400279919995	0.24758112900053675	0.5566009089998261	0	0.15757189100077085	0.8721210719995725
v	119	339.94418821900035	0.1785798490000161	0.4848957579997659	0	0.2889964209989557	0.7859462409996922
v	120	342.9925023119995	0.15391772300063167	0.46877479900103936	0	0.12860730499960482	0.7846477389994106
n	121	345.3087638069992	0.49516968700118014	0.8021598810009891	0	0.11102176900021732	1.100647145000039
v	122	348.6696861349992	0.09286379200057127	0.4065944379999564	0	0.15365021400066325	0.7223229190003622
n	123	350.9234781569994	0.22306825700070476	0.5353482880000229	0	0.21115056900089257	0.851154375999613
v	124	353.3062182169997	0.21628940700065868	0.5357308429993282	0	0.13218057599988242	0.8507487040005799
n	125	355.6892284349997	0.10535328200057847	0.41836275400055456	0	0.09913153999877977	0.7171475569994072
v	126	358.6668587139993	0.05686528800106316	0.3732353699997475	0	0.4782663500009221	0.6894895320001524
n	127	360.8870609980004	0.16388799199921777	0.48575566899853584	0	0.10568755500025873	0.8011834159988211
v	128	363.21929056999943	0.11977836000005482	0.43579516600038914	0	0.09569301800001995	0.7513395690002653
n	129	365.50218367399975	0.20586907799952314	0.5187223699995229	0	0.12134393499945872	0.8178267980001692
v	130	368.58038882599976	0.27069012399988424	0.5898739690001094	0	0.15635478900003363	0.9053340219998063
n	131	371.0176809149998	0.2498884699998598	0.5679848919990036	0	0.10901574400122627	0.867227926999476
v	132	374.1468619949992	0.21619016499971622	0.538314925001032	0	0.12115869199988083	0.8536684450009489
n	133	376.5318673879992	0.16799142600029882	0.4856693740002811	0	0.17303885799992713	0.7847873700011405
v	134	379.57701570800054	0.27490714399937133	0.5895021739997901	0	0.1523869279990322	0.8885101299983944
v	135	382.72637872799896	0.04471802500120248	0.3564097300004505	0	0.10778437800036045	0.6715456450001511
n	136	384.92957750200003	0.0254706769992481	0.3356040449998545	0	0.06959969200033811	0.6342569539992837
v	137	387.82382326699917	0.22737149800013867	0.5404053300007945	0	0.12276002199905633	0.8392330990009214
v	138	390.9268317980004	0.12437359299838135	0.436283815999559	0	0.16358899099941482	0.7351101149997703
n	139	393.9244669559994	0.24766962200010312	0.5543582310001511	0	0.14387038399945595	0.8699650630005635
v	140	396.32671607799966	0.3340142790002574	0.6515443150001374	0	0.1888501979992725	0.950302446999558
v	141	399.53678850399956	0.2748084939994442	0.5900294969997049	0	0.12051011699986702	0.8891556310009037
v	142	402.6865563379997	0.1889942109992262	0.5065278370002488	0	0.11020067299978109	0.8217554330003622
n	143	405.03989620500033	0.0756716169998981	0.3859296289992926	0	0.021046111000032397	0.7010438439992868
v	144	407.27264256799936	0.03610985200066352	0.35199497699977655	0	0.16634309999972174	0.6676824349997332
