response	trial_nr	t_start	t_set	t_ball	t_release	t_response	t_goal	t_change
v	1	14.883746527000767	2.5387029029989208	2.8563816400001087	0	0.19648436199895514	3.205568678000418	2.990303770000537
n	2	19.620060234001357	0.34616476699920895	0.6525695119999	0	0.1200818849974894	1.001808301998608	-19.620060234001357
n	3	22.15238687300007	0.36505091700018966	0.6861277549996885	0	0.14636219699968933	1.0353465940006572	-22.15238687300007
v	4	24.71825741900102	0.5917283719991246	0.9027033869988372	0	0.2438457730004302	1.2519214889998693	0.9361227480003436
n	5	27.500467212999865	0.11339230500016129	0.41979866700057755	0	0.184542816999965	0.7523396920005325	0.353175985001144
v	6	30.50831812300021	0.3463328480011114	0.6608904630011239	0	0.12767676399744232	0.9934947510009806	-30.50831812300021
v	7	33.75720894300139	0.20834474199909891	0.5277232849985012	0	0.1323855739992723	0.8769781119990512	-33.75720894300139
n	8	36.16458556700127	0.1849869019988546	0.5029594099996757	0	0.19739291699806927	0.8354815319999034	0.6374071269983688
n	9	39.255474903000504	0.5982409009993717	0.9110465949997888	0	0.1546013729985134	1.2601674310008093	-39.255474903000504
n	10	42.046368442999665	0.2395677100012108	0.5526441760011949	0	0.3700050489987916	0.9023851720012317	0.4861047860013059
v	11	44.47896891500022	0.3108394209994003	0.6193746919998375	0	0.22286747900034243	0.9518363870010944	0.6194041140006448
n	12	47.686481859000196	0.29587060599988035	0.6107562920005876	0	0.11993147699831752	0.9432899700004782	-47.686481859000196
v	13	50.88517692500136	0.2098896949992195	0.5277496899998368	0	0.14029829699757101	0.8602799269992829	0.6611118619985064
n	14	54.0008890980007	0.12599458600016078	0.4445058199999039	0	0.13226115399811533	0.7936022069989122	0.47784445400066033
v	15	56.32497716200123	0.04104426699996111	0.353044872999817	0	0.1394045829983952	0.6855386879997241	-56.32497716200123
n	16	59.26587584400113	0.3172064270002011	0.6278990819992032	0	0.19559379699967394	0.9603040919992054	0.5953023739984928
v	17	62.481579821000196	0.2764213469999959	0.5943923720005841	0	0.14953137999873434	0.9270005090002087	-62.481579821000196
n	18	65.66359966300115	0.18257533499854617	0.4947109979984816	0	0.24314422700081195	0.8439248939994286	0.6280507149986079
v	19	68.03813815400099	0.031851185000050464	0.35281570999904943	0	0.1225624999988213	0.7020694530001492	0.4528166729996883
v	20	70.27040149599998	1.0891345260006347	1.4028582150003786	0	0.112302452998847	1.7520456250003917	-70.27040149599998
n	21	73.55314454099971	0.15760823200071172	0.46938813400083745	0	0.1551507229996787	0.8186407299999701	0.5360816580014216
v	22	75.90203164900049	0.23301692499990168	0.5530892810002115	0	0.13058451699907891	0.8857207960008964	0.6530995060002169
n	23	79.04311723700084	0.21218261099966185	0.5277100250004878	0	0.25485477699839976	0.8768862979995902	-79.04311723700084
v	24	81.45036008399984	0.10081874900060939	0.4197213000006741	0	0.37960982699951273	0.7695561300006375	-81.45036008399984
n	25	83.7498809990011	0.1933244649990229	0.5031896279997454	0	0.22891257999799564	0.8353323569990607	-83.7498809990011
n	26	86.84089619100087	0.1428366799991636	0.46097578199987765	0	0.14867043599952012	0.8100837080000929	0.6272377379991667
v	27	89.18133915600083	0.17843286899915256	0.4863855749990762	0	0.09414052099964465	0.8188635429996793	0.5874905439995928
v	28	92.25631754999995	0.1345433780006715	0.4441675750003924	0	0.18935629899897322	0.7762575960005051	-92.25631754999995
v	29	95.28823801500039	0.2873094709993893	0.5941785279992473	0	0.15189645099962945	0.9266747319998103	-95.28823801500039
n	30	98.47025576099986	0.3844312680012081	0.6944148270013102	0	0.11736750099771598	1.0436900010008685	0.6611821020014759
v	31	101.04437467400021	0.13871878499958257	0.4528758550004568	0	0.10477382899807708	0.8020832790007262	-101.04437467400021
v	32	103.37665937600104	0.19113843699960853	0.5032294539996656	0	0.11439708499892731	0.852445821999936	-103.37665937600104
n	33	105.75960930600013	0.04840701499961142	0.3697002839999186	0	0.12083802300003299	0.702148942000349	0.36972898699968937
n	34	108.71794362800028	0.20181266300096468	0.5102573429994663	0	0.24598135300038848	0.8428467730009288	-108.71794362800028
v	35	111.81647152799997	0.33436725700084935	0.6440578060010012	0	0.1896830259993294	0.9932527860000846	-111.81647152799997
n	36	114.3401282900013	0.2434952899984637	0.5529767799998808	0	0.1971135219991993	0.885522062999371	0.5530051489986363
v	37	117.48122632500053	0.30227486500007217	0.6108569070001977	0	0.158222730999114	0.9433989040007873	0.7779582410003059
n	38	120.68064801600121	0.3358139569991181	0.6437643689987453	0	0.12595890699958545	0.9763528699986637	-120.68064801600121
v	39	123.91233134800132	0.11130864199913049	0.42783100199994806	0	0.24628416999803449	0.7770866099999694	-123.91233134800132
n	40	126.22005298800104	0.10729644799903326	0.419362396998622	0	0.12303211099970213	0.7687930259999121	0.48614330899908964
v	41	128.51906540100026	0.2577402090009855	0.570127709001099	0	0.15343645999746514	0.918771648000984	0.6696121120003227
n	42	130.9681831300004	0.10305083700040996	0.4197642369999812	0	0.09457636599836405	0.7689532269996562	0.41979214400089404
n	43	133.26789377100067	0.07570205699994403	0.3859963039994909	0	0.26021885899899644	0.7185389089991077	0.3527588220003963
v	44	136.24203953400138	0.2371950469987496	0.5441849539984105	0	0.1684097830002429	0.8933986619995267	0.610964346999026
n	45	138.665905363001	0.2693639429999166	0.5864163939986611	0	0.09433779699975275	0.918782957998701	-138.665905363001
v	46	141.84001102900038	0.2958815490001143	0.6111390980004217	0	0.15156648199808842	0.9437318649997906	-141.84001102900038
n	47	145.0391283500012	0.2810109160000138	0.5943810949993349	0	0.1452604509995581	0.9435543889994733	-145.0391283500012
n	48	147.5130047849998	0.23935916800110135	0.5530727929999557	0	0.11272479999934149	0.8855834679998225	0.6197788240006048
v	49	150.6540554910007	0.2500735949997761	0.5609608989998378	0	0.139823602998149	0.8935656060002657	-150.6540554910007
n	50	153.80352826600028	0.3084224970007199	0.6272215009994397	0	0.15623575000063283	0.959730476999539	0.7942830590000085
v	51	157.01893809099965	0.10103926000010688	0.41084265500103356	0	0.15718525799820782	0.7434253320006974	0.444265775000531
n	52	160.0176793690007	0.10300899399953778	0.4111617420003313	0	0.1662207959980151	0.7436954740005604	0.5789252399990801
v	53	163.01726811000117	0.41574663999927	0.7271777730002214	0	0.16263129399885656	1.0597557719993347	-163.01726811000117
n	54	166.3328195590002	0.06731423299970629	0.37736834600036673	0	0.1731231719986681	0.7099642739995033	-166.3328195590002
n	55	169.30056423400129	0.2354655700000876	0.542057175998707	0	0.28873801099871343	0.8746059899985994	-169.30056423400129
v	56	172.4308346200014	0.2330101499992452	0.5441359049982566	0	0.18836946500050544	0.8932921359992179	-172.4308346200014
v	57	174.85443657399992	0.04203825700096786	0.3531714400014607	0	0.27563596999789297	0.7027364149998903	0.3865097610014345
v	58	177.08724437400087	0.24190783300036856	0.5529347930005315	0	0.3071428469975217	0.8854239399988728	-177.08724437400087
n	59	180.22825439000007	0.29174275399964245	0.6108984060010698	0	0.26817622799899254	0.9600966830003017	0.5453890530006902
n	60	182.7190035420008	0.15343750700048986	0.46945790899917483	0	0.15088003399978334	0.8020024260003993	-182.7190035420008
v	61	185.77704072900087	0.23937857800046913	0.5604558769991854	0	0.27399266899919894	0.8929172529988136	-185.77704072900087
v	62	188.92549015199984	0.04258883700094884	0.36106386100072996	0	0.21291754199955903	0.6935899600011908	0.2943838350001897
v	63	191.8747191780003	0.27737732000059623	0.5941590189995622	0	0.30266727399975935	0.9266908770005102	0.5608685520001018
v	64	195.0568693840014	0.1114523759988515	0.4277231869982643	0	0.1589863579993107	0.776874578999923	-195.0568693840014
n	1	201.07420193300095	0.7661241360001441	1.0749128139996174	0	0.1425658799998928	1.407462385999679	1.2082652680001047
v	2	204.73652378900078	0.27989912100019865	0.594968006000272	0	0.15223746199808375	0.9441483409991633	-204.73652378900078
v	3	207.21020040300027	0.28625999399991997	0.6038425219994679	0	0.22169423999912397	0.9531071780002094	-207.21020040300027
n	4	209.69280857800004	0.30008087399983197	0.6204205960002582	0	0.13070384899947385	0.9529980520001118	-209.69280857800004
v	5	212.9009118009999	0.2835954180009139	0.5947714150006504	0	0.18022334999841405	0.9272038950002752	0.6947432659999322
v	6	216.08331291300055	0.2772780089999287	0.5946132839999336	0	0.18227657199895475	0.9438246800000343	0.5280253309992986
n	7	218.55727235800077	0.19526871100060816	0.5032418749997305	0	0.19146758899842098	0.85247287600032	0.5366307080003025
v	8	220.93966290500066	0.14104850399962743	0.45348733799983165	0	0.2991849199988792	0.7860017250004603	-220.93966290500066
v	9	223.98072073700132	0.2439371989985375	0.561575140000059	0	0.20583930099746794	0.8939085539986991	0.6947919829999591
v	10	227.12973894300012	0.27094342800046434	0.5780890070000169	0	0.32028109000020777	0.9114951450010267	-227.12973894300012
v	11	230.29564338199998	0.21842476399979205	0.5279487050011085	0	0.26054984599795716	0.8603951800014329	-230.29564338199998
n	12	233.4110811210012	0.16597441399972013	0.4781577429985191	0	0.322969787999682	0.8116818259986758	-233.4110811210012
v	13	236.47712476500055	0.18881826699907833	0.49442273000022396	0	0.31273876699924585	0.8436517339996499	0.527827931999127
v	14	238.85066972999994	0.21419651500036707	0.5201511940013006	0	0.2895085049985937	0.8693956940005592	0.5869136420005816
v	15	241.25019368100038	0.07992843000101857	0.3866261769999255	0	0.343519023999761	0.7366762429992377	-241.25019368100038
n	16	244.24104014300065	0.36101613199934945	0.6780481519999739	0	0.16562123199946654	1.0272564379993128	-244.24104014300065
v	17	246.79853863900098	0.12389723999876878	0.4365930889998708	0	0.12128937799934647	0.7691771600002539	-246.79853863900098
v	18	249.82248738599992	0.21855323199997656	0.5282635210005537	0	0.26175303799936955	0.8774458090010739	0.5950944100004563
n	19	252.23039653500018	0.3788059769995016	0.6862232920011593	0	0.15993142499792157	1.0354145170003903	0.6529019570007222
v	20	254.79609973399965	0.26118201999997837	0.5698004109999601	0	0.1266616079992673	0.9022696530009853	0.7034008580012596
v	21	257.95383831800063	0.06336221600031422	0.37779584400050226	0	0.20896591899872874	0.7269765689998167	0.5444224830007443
n	22	260.21048411000083	0.0316452789993491	0.3370494779992441	0	0.16112764699937543	0.6696373899994796	-260.21048411000083
v	23	263.1351372950012	0.2834104879984807	0.5948536269988836	0	0.15469467799994163	0.9439722669994808	0.628157093999107
n	24	265.6091127380005	0.02527881000060006	0.33677022499978193	0	0.16287652800019714	0.6859579299998586	0.4035071529997367
n	25	267.8251827240001	0.23307759999988775	0.5532634570008668	0	0.29033373599850165	0.8858047710000392	-267.8251827240001
v	26	270.9663309429998	0.2753339720002259	0.5944626690015866	0	0.12402788099825557	0.9269717679999303	-270.9663309429998
n	27	274.14832657100123	0.1811508029986726	0.49489727999934985	0	0.18594470499920135	0.8440106569996715	-274.14832657100123
v	28	276.52228742700026	0.5120612070004427	0.8200159580010222	0	0.3345766439979343	1.1701278199998342	0.9200791319999553
v	29	279.2213432820008	0.11630507900008524	0.43687891499939724	0	0.23471578499993484	0.7861581289998867	-279.2213432820008
n	30	281.5372234839997	0.2726985990011599	0.586931881000055	0	0.15286729400031618	0.9194528970001556	0.5869597569999314
v	31	284.7116526660011	0.27516858099988895	0.5948355459986487	0	0.17050769799971022	0.944052032999025	0.5615544100000989
n	32	287.1854155460005	0.27305682199948933	0.5869848239999556	0	0.15273766399877786	0.9361472349992255	-287.1854155460005
v	33	289.65142246100004	0.09461863100113987	0.4035872250005923	0	0.2300850249994255	0.7361252070004412	0.5702450059998228
v	34	292.64305516700006	0.1747602020004706	0.49427914100124326	0	0.2924821609976789	0.826833864000946	0.427712798000357
n	35	295.724717987001	0.19722802300020703	0.5116933239987702	0	0.1367991000006441	0.8608661179987394	0.4450734160000138
v	36	298.1155677930001	0.06311027599986119	0.37017437600115954	0	0.12752054299744486	0.7193075650011451	-298.1155677930001
n	37	300.36442590300067	0.22260595499938063	0.5372358700005861	0	0.30367406899858906	0.8697384419992886	0.503840207000394
n	38	303.48919046800074	0.20988243899955705	0.5280891010006599	0	0.31619437399785966	0.860696759998973	-303.48919046800074
v	39	306.605251590001	0.214262442999825	0.5277357979994122	0	0.3123618149984395	0.8603326409993315	-306.605251590001
n	40	309.720701749	0.23334498300027917	0.5446008170001733	0	0.26853978999861283	0.8771504530013772	0.6446443370005
n	41	312.85295521100124	0.22920033699847409	0.5447864509987994	0	0.24823512900002243	0.8773712379988865	0.5448160079995432
n	42	315.9851098470008	0.20162674099992728	0.5115758619995177	0	0.30887399099992763	0.8441269189988816	-315.9851098470008
n	43	319.0844924330013	0.0777642779994494	0.39461132299948076	0	0.17453573199964012	0.7271668609992048	0.3279967759990541
v	44	322.066757210001	0.19951289399978123	0.5113834000003408	0	0.37161084299805225	0.8612176249989716	0.5447750000002998
v	45	324.4576789390012	0.273382022000078	0.5863844319992495	0	0.27368491099878156	0.918936803998804	-324.4576789390012
n	46	327.6317953030011	0.09878851400026178	0.41129913199984003	0	0.170739256998786	0.743871221999143	0.5779988710000907
v	47	330.6307589950011	0.0442047239994281	0.3613705409989052	0	0.2776562719991489	0.6939719999991212	0.3613997889988241
n	48	333.58021740000004	0.11830617400119081	0.42766472900075314	0	0.2780336499981786	0.7602284349995898	-333.58021740000004
n	49	336.5955937150011	0.27084304799973324	0.5779671789987333	0	0.22430062099920178	0.9271752759996161	-336.5955937150011
v	50	339.0528326399999	0.15792074800083356	0.46999981200133334	0	0.17117773399877478	0.8026148610006203	0.4700280870001734
n	51	342.11013468800047	0.044443946000683354	0.3618958080005541	0	0.24590061599883484	0.6943155869994371	-342.11013468800047
v	52	345.0597933300014	0.2793640689997119	0.5944569119983498	0	0.16785678899941558	0.9436606069994014	-345.0597933300014
n	53	347.536129383001	0.28259902100035106	0.6006835169991973	0	0.2612472679993516	0.9332712199993694	-347.536129383001
v	54	350.7248517179996	0.2708172460006608	0.5776359470000898	0	0.255570892999458	0.9268719090014201	0.711073671000122
v	55	353.1818288760005	0.2854290970008151	0.6032141329997103	0	0.1891168869988178	0.9357484510001086	0.703236625999125
n	56	356.3729462600004	0.2458329370001593	0.5612041900003533	0	0.14406258899907698	0.8936996949996683	-356.3729462600004
v	57	359.52140409800086	0.14543639399926178	0.4617903389989806	0	0.26306378899971605	0.7942167719993449	0.4284326229990256
n	58	362.5706625510011	0.28135961999942083	0.5947573859994009	0	0.2728840809995745	0.9274189919997298	-362.5706625510011
v	59	365.75305777500034	0.25838652399943385	0.5780919379994884	0	0.15516012700027204	0.9106459590002487	-365.75305777500034
n	60	368.9189925749997	0.2522270900008152	0.5611609110001154	0	0.1825433920002979	0.9103340590008884	0.6278690940016531
v	61	371.35889141700136	0.14922605299943825	0.47050380799919367	0	0.12110371099879558	0.8030473019989586	-371.35889141700136
v	62	374.4170875790005	0.21833932399931655	0.5279876490003517	0	0.1414198549991852	0.8605646140003955	0.6943272389999038
v	63	377.5326629270003	0.2544570800000656	0.5614929790008318	0	0.24876872499771707	0.8939970400006132	-377.5326629270003
v	64	380.68217223800093	0.24149029900036112	0.5609663880004518	0	0.11572517299828178	0.8935110929996881	-380.68217223800093
n	1	392.87690960300097	0.6314343039994128	0.9457074969996029	0	0.1121651519988518	1.2781868199999735	1.0125128399995447
n	2	396.4103682060013	0.2899560269997892	0.6111795580000035	0	0.13738740899862023	0.9603750930000388	0.711209440998573
v	3	398.9006268989997	0.27266592900014075	0.5868469550005102	0	0.12741241899857414	0.9360092900005839	-398.9006268989997
v	4	401.3665181610013	0.2773934749984619	0.5868501459990512	0	0.12557708099848242	0.9193657099986012	-401.3665181610013
v	5	404.5410018010007	0.24772553799994057	0.5613225430006423	0	0.08865066399812349	0.9106266389990196	0.7277617959989584
n	6	406.9813907099997	0.18289445000118576	0.5035549670010369	0	0.0661912809991918	0.8360798700014129	0.6032388260009611
n	7	410.0726101220007	0.29185662000054435	0.6114237559995672	0	0.11542914900019241	0.9605203150003945	-410.0726101220007
v	8	412.56276185500064	0.3063214310004696	0.6204385080000065	0	0.1360040019990265	0.952955335000297	0.7204226979993109
v	9	415.7709254110014	0.30488517099911405	0.6112319299991213	0	0.12103334899984475	0.9438155739990179	0.6447501859984186
n	10	418.9698952580002	0.5381660069997452	0.8445038410009147	0	0.11295667299782508	1.1937214660010795	-418.9698952580002
v	11	421.69325793700045	0.4402899079996132	0.7537169349998294	0	0.13622019099966565	1.1028692929994577	-421.69325793700045
n	12	424.3257717920005	0.27078004400027567	0.5870283770000242	0	0.15858333999858587	0.9363321580003685	-424.3257717920005
v	13	426.7918509760002	0.20413991900022666	0.5202254300002096	0	0.3193630599998869	0.8536201919996529	0.4871934750008222
v	14	429.8996058920002	0.010940922000372666	0.32821718200102623	0	0.2518560179978522	0.6607964120012184	0.4949534620009217
v	15	432.8154601290007	0.26062146500044037	0.5780415459994401	0	0.10997576699992351	0.9105801330006216	-432.8154601290007
v	16	435.9810427470002	0.1436153100003139	0.4614981770009763	0	0.15696255399780057	0.8107029439997859	-435.9810427470002
n	17	438.32178984500024	0.1868712730010884	0.5033159499998874	0	0.2303678049993323	0.852565842000331	-438.32178984500024
v	18	440.7044811730011	0.24381763899873476	0.5533073730002798	0	0.1980911209975602	0.8857896159988741	-440.7044811730011
v	19	443.8451237400004	0.23963186500077427	0.5449476739995589	0	0.1617428569988988	0.8941752339997038	-443.8451237400004
v	20	446.26933143099996	0.20804469300128403	0.5201129050001327	0	0.13022786299916334	0.8525108040012128	0.4866893760008679
n	21	449.37711537700125	0.28324732100008987	0.5945453320000524	0	0.20399485699817888	0.9270685349983978	-449.37711537700125
v	22	452.5589418560012	0.2706551319988648	0.578411791999315	0	0.24635156799922697	0.9109492279985716	-452.5589418560012
n	23	455.72538242300107	0.28763323499879334	0.5943133099990519	0	0.10410701699947822	0.9435030160002498	0.5943403629989916
v	24	458.19884869400084	0.27759891799905745	0.5868295759992179	0	0.13445649899949785	0.9192768899993098	0.7200600630003464
v	25	461.37311261600007	0.279563969001174	0.5948165850004443	0	0.160003749999305	0.927333286999783	0.528166293999675
v	26	464.5556169240008	0.27301154199994926	0.5945969309996144	0	0.08979078799893614	0.9438876189997245	0.6279998379995959
n	27	467.02936972099997	0.2633835540000291	0.5700861140012421	0	0.0806918059988675	0.9192725339999015	-467.02936972099997
v	28	469.47899443999995	0.24583223199988424	0.5530976250011008	0	0.15224491999833845	0.8855670770008146	0.6197451150001143
v	29	472.61958545500056	0.2896762830005173	0.6114240909992077	0	0.11338918299952638	0.9439686919995438	-472.61958545500056
n	30	475.8185639969997	0.28234093800165283	0.5948745140012761	0	0.15487763999772142	0.9273359930011793	-475.8185639969997
n	31	479.0007469909997	0.1960620950012526	0.5116630510001414	0	0.30384383399905346	0.844212490001155	-479.0007469909997
v	32	482.100167089	0.2812753750004049	0.5945615199998429	0	0.29754648599919165	0.9437513949997083	0.7612740130007296
v	33	484.57373077100056	0.18323776599936537	0.503629283999544	0	0.12292744399928779	0.8528699460002827	-484.57373077100056
n	34	486.95614651800133	0.2810842409999168	0.5871520869986853	0	0.17710311399969214	0.9362668479989225	0.5204837849996693
v	35	489.42266459500024	0.09451377100049285	0.40324957400116546	0	0.22240292599781242	0.7523887179995654	0.5366713189996517
n	36	491.70495019900045	0.3086812530000316	0.6200727609993919	0	0.17955835700013267	0.9693427120000706	-491.70495019900045
v	37	494.2040799410006	0.2897860060002131	0.6035736960002396	0	0.16929465599787363	0.952721997999106	0.670201482000266
n	38	496.68660064899996	0.254878206000285	0.5702427070009435	0	0.10364422699785791	0.9194725249999465	-496.68660064899996
v	39	499.13591382100094	0.2374963399997796	0.5535785779993603	0	0.15904174499883084	0.9027451439997094	0.5869389780000347
n	40	501.56838114700076	0.26873599399914383	0.5869208189997153	0	0.157292043999405	0.9194720169998618	-501.56838114700076
v	41	504.7430376510001	0.21420335200127738	0.5280035079995287	0	0.13755312799912645	0.8605278819995874	0.6613005740000517
v	42	507.8590262310008	0.1702929570001288	0.4777407729998231	0	0.12791200499850675	0.826898973000425	-507.8590262310008
n	43	510.21574135300034	0.22243098999933864	0.5368504489997576	0	0.10415733700028795	0.8860967260006873	-510.21574135300034
v	44	512.6320311620002	0.2773423790004017	0.5864906019996852	0	0.13449139399926935	0.9356825550003123	0.5865186850005557
v	45	515.0974108070004	0.27697457899921574	0.5870222789999389	0	0.20434182699864323	0.9362434800004849	-515.0974108070004
v	46	517.5634842590007	0.2582613729991863	0.5702204499993968	0	0.11542645599911339	0.9193776689990045	0.5702501039995695
n	47	520.0126556470004	0.21001838099982706	0.5208693490003498	0	0.11549893199844519	0.8694496419993811	-520.0126556470004
v	48	522.412022081	0.2666321180004161	0.5867438830009633	0	0.08240304699938861	0.9359579909996683	0.5201625040008366
n	49	524.8778966380014	0.1996549759987829	0.5201278859985905	0	0.25892734300032316	0.8693461359998764	0.5868873999988864
v	50	527.2773010420005	0.3209895609998057	0.6367298269997264	0	0.15092246199856163	0.9858600419993309	0.7367121600000246
n	51	529.7931389510013	0.15742590199988626	0.47004465499958314	0	0.10584090999873297	0.8025997360000474	0.6031300479990023
v	52	532.850784100001	0.28337053599898354	0.5947657609995076	0	0.1794973249998293	0.943950077999034	0.5281211319997965
v	53	535.324636198	0.1217192870008148	0.4368536519996269	0	0.11955637299979571	0.7693588559995987	0.6031984130004275
n	54	538.3491992130002	0.2728902899998502	0.5946188750003785	0	0.11333727999954135	0.9271765379999124	-538.3491992130002
n	55	541.5318920690006	0.29796130300019286	0.6109642650008027	0	0.1384209279985953	0.9435290139990684	0.5776620769993315
n	56	544.7305306840008	0.27536099899953115	0.5946100959990872	0	0.12412057599976833	0.9438297140004579	-544.7305306840008
v	57	547.2042249690003	0.07379300499997044	0.38690298999972583	0	0.16215192999879946	0.7194313780000812	-547.2042249690003
n	58	550.178568759	0.2286583420009265	0.544937992000996	0	0.19841839199943934	0.8941061580007954	0.5449672820013802
v	59	552.6029883290012	0.2352720879989647	0.5530773979990045	0	0.10942358799911744	0.9022722379995685	-552.6029883290012
n	60	555.0350561169998	0.09236248600063846	0.40360869000141975	0	0.13877766599762253	0.7361709650012926	-555.0350561169998
v	61	558.0261690040006	0.27706944099918474	0.5948154950001481	0	0.10852690799947595	0.9273887439994724	0.6282103649991768
v	62	561.2082246170012	0.2539520869995613	0.5617783889993007	0	0.08754500299983192	0.9110124399994675	0.5285444919991278
n	63	563.6491422239997	0.2611389040012	0.5701153100017109	0	0.13430130099732196	0.9026297620002879	-563.6491422239997
n	64	566.8071724260008	0.07978872199964826	0.3948773179999989	0	0.31959576799818024	0.7279327670003113	-566.8071724260008
v	1	574.2715066199999	0.5837886600002093	0.8944368910015328	0	0.25183168499825115	1.226882626000588	1.0276162740010477
n	2	577.7535122219997	0.5332190000008268	0.8445661929999915	0	0.1160075739990134	1.1937462750011036	-577.7535122219997
v	3	580.4777733610008	0.26472561199989286	0.5861780260001979	0	0.13792087099864148	0.9354050040001312	0.5862060039999051
v	4	582.943028267	0.2958927159997984	0.6034927290002088	0	0.31939351499931945	0.936834207001084	-582.943028267
n	5	586.1341940860002	0.36841366199951153	0.6780362440003955	0	0.23765149599967117	1.0105062510010612	-586.1341940860002
v	6	589.399766546001	0.27083202399990114	0.5781409969986271	0	0.13613158999942243	0.9272981619997154	-589.399766546001
n	7	591.8572131279998	0.08626426699993317	0.40329133900013403	0	0.27752950099966256	0.735788706000676	-591.8572131279998
n	8	594.8480594829998	0.23930572800054506	0.5448951170001237	0	0.3131100909995439	0.8773720330009382	0.5114581750003708
v	9	597.9806957010005	0.37802262699915445	0.6944371800000226	0	0.2153304079984082	1.0436619249994692	-597.9806957010005
v	10	600.5539543190007	0.21282164699914574	0.5204255089993239	0	0.32779265600038343	0.8538231090005866	-600.5539543190007
v	11	603.6620505589999	0.25705160700090346	0.5780818069997622	0	0.26615378899987263	0.91055503500138	0.5781114689998503
n	12	606.827658139	0.308781125000678	0.6281605380008841	0	0.37049362499783456	0.9778387710011884	0.6947874039997259
v	13	609.3347095580011	0.3125606899993727	0.6202265269985219	0	0.1434124139996129	0.9527694729986251	-609.3347095580011
v	14	612.5425512830006	0.289488070000516	0.6114430140005425	0	0.20836258999770507	0.9606197619996237	-612.5425512830006
n	15	615.0327735480005	0.4471930399995472	0.7537381580004876	0	0.12790779799797747	1.102912751999611	-615.0327735480005
v	16	617.6654808880012	0.24567576099980215	0.5536602519987355	0	0.15936405699903844	0.9027456219992018	0.7205596419989888
n	17	620.0980292460008	0.12614603899965005	0.43708041199897707	0	0.20284546699986095	0.7695236139988992	-620.0980292460008
v	18	623.122900118	0.2922024039999087	0.6110944100000779	0	0.24454871699890646	0.960345960000268	0.5777989110010822
v	19	625.6139678430009	0.2980568780003523	0.6192103470002621	0	0.305436002998249	0.9684317859992007	0.7526268009987689
n	20	628.1120840840013	0.24791167599869368	0.5536683339996671	0	0.11290701599864406	0.8862548529996275	0.6203913099998317
v	21	631.2534485630003	0.26673439200021676	0.5780115979996481	0	0.21954603199992562	0.9271921720010141	0.6779995390006661
n	22	633.7109759970008	0.23328706199936278	0.5530130450006254	0	0.09904713299874857	0.9022338149989082	-633.7109759970008
v	23	636.1432653020001	0.11215854500005662	0.4199838759996055	0	0.17554270700020425	0.7692082890007441	-636.1432653020001
n	24	638.4427812390004	0.3419257080004172	0.6530296860000817	0	0.1550962809997145	1.0022408059994632	0.8200761719999718
v	25	640.9749399640004	0.13651989999925718	0.4534915929998533	0	0.1744815509991895	0.7860701940007857	0.3870095090005634
v	26	644.0162560999997	0.3193385890008358	0.6278368930015858	0	0.1427954039991164	0.9770608140006516	-644.0162560999997
n	27	646.5232423400012	0.06107795199932298	0.37020238999866706	0	0.26143774899901473	0.7193503919988871	0.33687605900013295
v	28	648.7730783140014	0.25847952899857773	0.569589257998814	0	0.08462359399891284	0.9187497639995854	-648.7730783140014
n	29	651.2221683340013	0.09047486199960986	0.40312247299880255	0	0.17767718199866067	0.7522748060000595	-651.2221683340013
v	30	653.5043238890012	0.2563936639999156	0.5701439280001068	0	0.3205616659979569	0.9035624909993203	-653.5043238890012
n	31	656.6620839460011	0.32163749400024244	0.6280833429991617	0	0.14492752899968764	0.9772651839994069	-656.6620839460011
v	32	659.1695275560014	0.1345622099997854	0.4532642089998262	0	0.11641971999779344	0.8024207029993704	-659.1695275560014
n	33	661.5019859580007	0.2899895470000047	0.6033163800002512	0	0.16986099799942167	0.952512186999229	0.6033439179991547
n	34	663.9840462860011	0.3446519970002555	0.6538272549987596	0	0.2933378460002132	0.9863328499995987	-663.9840462860011
v	35	667.2257545290013	0.2143764349984849	0.5277761829984229	0	0.1937291300000652	0.8769737749989872	0.6278722419992846
n	36	669.6326473190002	0.2562676659999852	0.5701196980007808	0	0.09650942999905965	0.9193391780008824	-669.6326473190002
v	37	672.0818191910002	0.2225104890003422	0.536832289000813	0	0.15269866699782142	0.8694071009995241	-672.0818191910002
v	38	675.2067406280003	0.28154326399999263	0.5942846779998945	0	0.37038121099976706	0.943993410000985	-675.2067406280003
v	39	677.680015336	0.12859083300099883	0.43693346899999597	0	0.19881520200033265	0.7695318480000424	0.5036498540011962
v	40	680.7046749580004	0.08821070799967856	0.39470299700042233	0	0.1761519989995577	0.7439027470009023	-680.7046749580004
v	41	682.9785124900009	0.23081292399911035	0.5368248679988028	0	0.14416805700057012	0.869302033999702	-682.9785124900009
v	42	686.103122165001	0.22515494499930355	0.544527472999107	0	0.26788563599984627	0.8770912689997203	0.7112061030002224
n	43	689.2353882260013	0.2770872139990388	0.5945985089983878	0	0.34167883500049356	0.944667664998633	0.528383289998601
n	44	692.4342855840005	0.27908541199940373	0.5946694619997288	0	0.28671395699893765	0.9272170349995577	0.5280549239996617
v	45	695.6159372029997	0.28144806700038316	0.5953790140010824	0	0.14437724499839533	0.9279230310003186	-695.6159372029997
n	46	698.7987740480003	0.21850642299978063	0.5282443400010379	0	0.14910911099832447	0.8774282060003316	0.4616422680010146
v	47	701.2062915550014	0.09036637099961808	0.40336487799868337	0	0.1301596459998109	0.7525220190000255	-701.2062915550014
n	48	703.4887635340001	0.09674715500113962	0.4034727369999018	0	0.28760713299925555	0.7527528270002222	0.43685687000106554
v	49	705.7713432550008	0.1412702729994635	0.45357995700032916	0	0.13895723999848997	0.8026949459999742	0.4536097919990425
n	50	708.1039245020002	0.2098568540004635	0.5201528220004548	0	0.14852290599810658	0.8526909659994999	0.6864810360002593
v	51	711.2118458900004	0.2854598079993593	0.5945945349994872	0	0.22146445299949846	0.9437742049994995	0.7288776380009949
n	52	713.6854497189997	0.18714301399995747	0.5035296630012454	0	0.14307785599885392	0.8361178200011636	0.5370000560014887
n	53	716.7767008090013	0.5040141029985534	0.8112230989991076	0	0.30413300699910906	1.1440780379998614	-716.7767008090013
v	54	720.1758427430013	0.4091280319989892	0.7277135770000314	0	0.2845393839979806	1.0769374139999854	0.7944360069996037
v	55	722.7825750760003	0.11421996500030218	0.4202636629997869	0	0.16934366999885242	0.7528680489995168	-722.7825750760003
n	56	725.7905380890006	0.39474962200074515	0.7113122619994101	0	0.1103682069988281	1.0438327779993415	0.7446859619994939
v	57	729.089601009	0.26337549799973203	0.5778934770005435	0	0.1607779739988473	0.9104780320012651	0.544610251999984
n	58	732.2551609130005	0.38605696500053455	0.6946313780008495	0	0.10295125199809263	1.0438227979993826	-732.2551609130005
v	59	734.8288051830004	0.29223808700044174	0.6036068320008781	0	0.03633134899791912	0.9360899650000647	0.7033218640008272
n	60	738.02011915	0.20577076799963834	0.5114066610003647	0	0.17688115300006757	0.8438090640011069	-738.02011915
v	61	741.1191291280011	0.2913351049992343	0.6124588989987387	0	0.12888088100044115	0.9438352079996548	0.711597030998746
v	62	744.3177580390002	0.26924452200000815	0.5783604250009375	0	0.21239109999805805	0.9275260710001021	-744.3177580390002
v	63	746.7757517540012	0.10546126499866659	0.42019849799908116	0	0.18459370499840588	0.7521804759999213	0.45304204099920753
n	64	749.783060314001	0.25013550800031226	0.5613684809995902	0	0.1401717139997345	0.9105379699994955	0.6949178949998895
n	1	756.3704047130013	0.5832232449993171	0.9050963599984243	0	0.16119946599974355	1.2376585299989529	0.9385129259990208
v	2	759.8633723069997	0.24213834400143242	0.5611767240006884	0	0.15620803099955083	0.8937096990011923	0.6945426020010927
n	3	763.0122605430006	0.06108961099926091	0.3780066199997236	0	0.3585310879989265	0.7277904910006328	0.34476705599990964
v	4	765.269347898	0.17224930900010804	0.4868492479999986	0	0.2566083099991374	0.8360694490002061	0.5536672580001323
v	5	767.6351908939996	0.20631573700120498	0.5202435120008886	0	0.16144427999824984	0.8694647400006943	0.6872855780002283
n	6	770.0344421990012	0.15948800799924356	0.47027162199992745	0	0.14844975999767485	0.8030492729994876	-770.0344421990012
n	7	773.0925228300002	0.18905655300113722	0.49460284400083765	0	0.2898075439989043	0.8270749380008056	0.49463272799948754
v	8	776.1748757679998	0.07568058500146435	0.3946437310005422	0	0.23548623899841914	0.7442971450000186	0.42799568800001
n	9	778.4488127120003	0.01683794500058866	0.33666452199940977	0	0.14755203599997913	0.6691799340005673	-778.4488127120003
v	10	781.3734322100008	0.26022967400058405	0.5777146669988724	0	0.18223639399911917	0.9268710969990934	-781.3734322100008
n	11	783.8306926430014	0.1953767169998173	0.5031528239996987	0	0.1356410189982853	0.8355673979986022	0.5696895139990374
v	12	786.9215988430005	0.27294907400028023	0.5944407890001457	0	0.19313430399961362	0.9437163620004867	-786.9215988430005
n	13	789.3950013780013	0.22280776699881244	0.5369715399992856	0	0.15324491699902865	0.8695611709990771	0.6703504289998818
n	14	792.5195498169996	0.2022865200015076	0.5114325860013196	0	0.30263906299842347	0.8439593180009979	-792.5195498169996
v	15	795.6187577030014	0.24775448699983826	0.5612171979992127	0	0.2816352099980577	0.8937464989994623	0.4946128449992102
n	16	798.7678137460007	0.21832694600016112	0.5278338579992123	0	0.3257200919997558	0.8613121929993213	-798.7678137460007
n	17	801.8833807570009	0.27094012499946984	0.5784840929991333	0	0.3435734920003597	0.928022959998998	0.6449705769991851
v	18	804.3405311850001	0.1261519390009198	0.4368210659995384	0	0.22011790500073403	0.7859919130005437	-804.3405311850001
n	19	806.6564079079999	0.11366672300027858	0.42035617500005173	0	0.2247737079997023	0.7527977660010947	0.5535878080008843
v	20	809.664339031	0.08185373800006346	0.39464728600069066	0	0.2746583069983899	0.7271981320009218	-809.664339031
n	21	812.6474142630013	0.08417151399953582	0.3939961519990902	0	0.14019705199825694	0.7432182879983884	0.494082774999697
v	22	814.9204340530014	0.21839675399860425	0.5368711869996332	0	0.1487358789981954	0.8694019849990582	0.4702648219990806
v	23	818.0448692690006	0.279205381999418	0.5947586839993164	0	0.17404513499968743	0.943971282998973	0.5947868570001447
n	24	820.5186338570002	0.34859942799994315	0.6702059159997589	0	0.13688750499932212	1.0196574109995709	-820.5186338570002
v	25	823.068011495001	0.18280250299903855	0.5034254009988217	0	0.12232964400027413	0.8359888779996254	-823.068011495001
v	26	826.158958299	0.21219652299987501	0.5281495320014074	0	0.27062644499892485	0.8773579870012327	-826.158958299
n	27	828.5663677060002	0.12409992799985048	0.4366910980006651	0	0.1707872769984533	0.7858669209999789	0.43672087999948417
v	28	830.8824924660003	0.30447375800031296	0.619822558001033	0	0.25550735399883706	0.9689690920004068	-830.8824924660003
n	29	833.3822582400007	0.27718981900034123	0.5858860539992747	0	0.15780015899872524	0.9351422220006498	-833.3822582400007
v	30	835.8471517460002	0.0673746749998827	0.3870686549998936	0	0.29991276299915626	0.7361851969999407	0.553593192000335
n	31	838.1132313449998	0.2582020210011251	0.5701306690007186	0	0.16265503299837292	0.9193174860010913	-838.1132313449998
v	32	840.562298113	0.1603422150001279	0.4703133880011592	0	0.1574085029988055	0.8028913020007167	-840.562298113
v	33	843.6201185080008	0.19967284700032906	0.5115495779991761	0	0.3304028909988119	0.8449183270004141	-843.6201185080008
n	34	846.719208546001	0.3002258559990878	0.6114278659988486	0	0.18747527199957403	0.9606356819986104	0.7781373999987409
v	35	849.209922168	0.22489721500096493	0.5366404640008113	0	0.13205906199800665	0.8858243100003165	0.6367110540013527
v	36	851.6255422470003	0.05734243500046432	0.370296758999757	0	0.2584071290002612	0.7028882169997814	-851.6255422470003
n	37	854.5836987350012	0.15563180199933413	0.4612985019994085	0	0.3052635639996879	0.8103815209997265	0.4945803649989102
v	38	856.9238741160007	0.23947011199925328	0.5536577019993274	0	0.1287247889995342	0.8861221059996751	-856.9238741160007
v	39	860.065170797001	0.2583573060001072	0.5779537170001277	0	0.2912161229978665	0.910546222999983	0.5447193469990452
n	40	863.2310228080005	0.06798245299978589	0.3778734949992213	0	0.2695499689998542	0.7104056919997674	0.3112869470005535
v	41	866.1965873910012	0.2625978859996394	0.5779506759990909	0	0.20788492299834616	0.910550049999074	0.7125104520000605
v	42	869.3621903170006	0.3210690510004497	0.6280428899990511	0	0.22423452399925736	0.9772380350004823	-869.3621903170006
n	43	871.8692758030011	0.22273256199878233	0.5368794770001841	0	0.29636013799790817	0.8693841109998175	0.5035376369996811
v	44	874.9940925179999	0.29798532300083025	0.6110317100010434	0	0.19345373399846721	0.9435640510000667	-874.9940925179999
n	45	878.1929792720002	0.2666686430002301	0.5777801960011857	0	0.31620729899805156	0.9103581479994318	-878.1929792720002
v	46	881.3582618050004	0.06940528499944776	0.37826112500079034	0	0.29414434999853256	0.7107984689992008	-881.3582618050004
n	47	884.3243050700003	0.20838281699980143	0.5279338840009586	0	0.29895992999809096	0.8604425089997676	-884.3243050700003
n	48	887.4401039840013	0.23534010399998806	0.5444526379997114	0	0.2861765599991486	0.8938339859996631	0.6111906639998779
v	49	889.8636042079997	0.052596305000406574	0.3702722910002194	0	0.1652268349989754	0.7028182419999212	-889.8636042079997
v	50	892.8216014940008	0.22277218499948503	0.5446461470000941	0	0.23275177599862218	0.8771696579988202	0.5112966759988922
n	51	895.9541058619998	0.3063850710004772	0.6278968070000701	0	0.1368889669993223	0.9770046040011948	-895.9541058619998
v	52	898.4610068689999	0.27972544800104515	0.5867604020004364	0	0.15114636899852485	0.9193921570004022	0.6868284100000892
v	53	901.6356137530001	0.23998440200011828	0.5611625050005387	0	0.1862576129988156	0.9104038620007486	0.4945744630003901
n	54	904.0757831299998	0.2562752920002822	0.5702594480007974	0	0.12095964799846115	0.9027894770006242	-904.0757831299998
v	55	907.2334682990004	0.32351450600071985	0.6448817460004648	0	0.15281937399959133	0.9774522829993657	-907.2334682990004
n	56	910.466533625	0.07348554199961654	0.39420573900133604	0	0.31448967599862954	0.7267678860007436	-910.466533625
v	57	913.4482211209997	0.21189807900009328	0.5282203950009716	0	0.28670997899826034	0.8607709070001874	0.5282495790015673
n	58	916.5639634899999	0.128198277001502	0.444987172000765	0	0.2943762879986025	0.7940739870009565	0.4782581609997578
v	59	918.8879555510011	0.07592113799910294	0.38684478199866135	0	0.18843990899949858	0.7360793299994839	-918.8879555510011
n	60	921.1540727890006	1.0830064929996297	1.4030505379996612	0	0.17026273000010406	1.7522367849996954	-921.1540727890006
v	61	924.4362492020009	0.21650903000045219	0.5367661090003821	0	0.12232607999794709	0.8692988929997227	0.7031185510004434
v	62	927.5604482140006	0.31708671699925617	0.6282415240002592	0	0.1706979369992041	0.9774892959994759	-927.5604482140006
n	63	930.0676784180014	0.22488400199836178	0.5369453919993248	0	0.16293662599855452	0.8694436019995919	0.6369142869989446
v	64	933.1919281700011	0.30868295399886847	0.6283311719998892	0	0.12318692499866302	0.9608088439999847	-933.1919281700011
