response	trial_nr	t_start	t_set	t_ball	t_release	t_response	t_goal	t_change	new_pos	correct
n	1	14.791975659999935	16.393953731000238	16.714600235000034	0	16.91706227800023	17.047167799999897	16.781815857999845	[5]	1
v	2	18.778313680999872	19.074637045000145	19.380489306000072	0	19.660999659000026	19.729635845999837	19.48100847400019	[5]	0
n	3	21.260063139000067	21.417716949999885	21.72968403599998	0	21.96500491400002	22.06224611300013	21.88011732799987	[5]	1
n	4	23.793336159999853	24.129647322999972	24.44550589900018	0	24.709064014999967	24.79470920299991	24.595989015000214	[-5]	0
v	5	26.32502228400017	26.577756676000263	26.89476129700006	0	27.109136228000352	27.227322603000175	26.96195924199992	[-5]	1
v	6	28.958149866999975	29.218463489999976	29.52724620700019	0	29.71709250899994	29.859786170999996	29.69431873800022	[-5]	1
n	7	31.591711712000233	31.596242089000043	31.909859207999943	0	32.109275315000104	32.25906385999997	31.960330949999843	[-5]	0
v	8	33.79070167000009	33.801811716999964	34.10912193200011	0	34.33320370399997	34.45832289200007	34.20957354800021	[5]	0
v	9	35.98897904800015	36.20981108600017	36.525032612999894	0	36.82114806300024	36.85756016200003	36.70895242400002	[-5]	1
v	10	38.58838194200007	38.61788966699987	38.92425880000019	0	39.23722391000001	39.27346665499999	39.074666635000085	[5]	0
n	11	40.80412046399988	41.07521407000013	41.39014188800002	0	41.60535344900018	41.73940156200024	41.45736570899999	[-5]	0
v	12	43.2696200270002	43.53011388200002	43.83937410499993	0	44.01332292300003	44.18858662999992	43.90655195199997	[5]	0
n	13	45.71886587400013	45.91435468000009	46.22196794899992	0	46.413386575000004	46.55454001499993	46.27248947999988	[5]	1
v	14	48.285528801000055	48.54595220800002	48.854530605000036	0	49.02940746400009	49.187011326000174	48.97163938499989	[-5]	1
n	15	50.918044892000125	51.17853123199984	51.48695103	0	51.76531459600028	51.83615601400015	51.58744412299984	[-5]	0
v	16	53.36702968899999	53.610644174999834	53.9195087170001	0	54.133453744000235	54.2520690639999	54.0032835840002	[-5]	1
n	17	55.982773482000084	56.138419327000065	56.45203936600001	0	56.62143185600007	56.78456654699994	56.56918881199999	[5]	1
v	18	58.51585275000025	58.68378998900016	59.001310255000135	0	59.165476930000295	59.35047533900024	59.08505504000004	[5]	0
v	19	60.880931188999966	61.051164654999866	61.3671704100002	0	61.61349867900026	61.71636807599998	61.53434778000019	[5]	0
n	20	63.24763311100014	63.37036910200004	63.68316750299982	0	63.8295084209999	64.0156339340001	63.76689505000013	[5]	1
v	21	65.74652623500015	65.93827200199985	66.24897518900025	0	66.54965927500007	66.59816421400001	66.38274899599992	[5]	0
n	22	68.12840257000016	68.46644918799984	68.78159150500005	0	68.97364360400024	69.13070138300009	68.93196975599994	[-5]	0
v	23	70.66122206799992	70.88228872799982	71.19751529099995	0	71.42162351700017	71.52994024300006	71.31457354700024	[-5]	1
n	24	73.26099299199996	73.59475046299985	73.91335062500002	0	74.077631871	74.26244847599992	73.99701370699995	[-5]	0
v	25	75.79293855000014	75.91484054500006	76.22927879899999	0	76.45370619300002	76.56170286199995	76.36293747499985	[-5]	1
n	26	78.29312205499991	78.5305394840002	78.845077296	0	79.03003851099993	79.19418761499992	78.89544037999985	[-5]	0
v	27	80.72482722799987	80.77130778699984	81.07764497500011	0	81.30176406600003	81.41015071499987	81.21137509300024	[-5]	1
v	28	83.14105017800011	83.41842823300021	83.72678693699982	0	83.93389539000009	84.07605279400013	83.82721655800015	[5]	0
n	29	85.60658953500024	85.80251481899995	86.1093929409999	0	86.24579416999995	86.45859735400018	86.20987994500001	[-5]	0
v	30	87.98931066900013	88.24353379500008	88.55859955100004	0	88.87787032999995	88.90780660900009	88.72573078599999	[5]	0
v	31	90.43836813999997	90.48259659999985	90.79128294800012	0	91.10197694099998	91.140427155	90.95945698300011	[5]	0
n	32	92.67109277600002	92.70704970199995	93.02389927200011	0	93.20605251699999	93.35639312100011	93.09103328499987	[5]	1
v	33	95.08709786999998	95.314729274	95.62302788599982	0	95.81395051800018	95.95557646299994	95.70681088099991	[-5]	1
n	34	97.68651708000016	97.97192161400017	98.28895587599982	0	98.52607035900019	98.62140550599997	98.43928490600001	[5]	1
n	35	100.35222034400022	100.57906112199998	100.88805553700013	0	101.07018839000011	101.23725322400014	101.05512193300001	[-5]	0
v	36	102.76768472499998	102.82663786800003	103.1374463709999	0	103.3341210399999	103.486576152	103.32110324999985	[5]	0
n	37	105.01712490499995	105.2588200250002	105.56991611800004	0	105.87820170900022	105.90250390700021	105.75366501999997	[5]	1
v	38	107.63355050400014	107.90700188400024	108.21919244799983	0	108.46213898399992	108.56826309400003	108.40280106099999	[5]	0
n	39	110.09942128000012	110.18755257700013	110.50167012300017	0	110.67018322500007	110.85088208900015	110.65213621600014	[-5]	0
v	40	112.3811748500002	112.5789203889999	112.88425297899994	0	113.19827696300035	113.21681312700002	113.01804943700017	[-5]	1
n	41	114.94798001500021	115.18733982000003	115.50009779799984	0	115.67824159700012	115.84931345899986	115.68474110099987	[-5]	0
v	42	117.37997883400021	117.62784008000017	117.949360006	0	118.13430184400022	118.29858701100011	118.08309624499998	[5]	0
v	43	119.82899429300005	119.89226707499984	120.19863111599989	0	120.40628324900035	120.5311676870001	120.29909065799984	[-5]	1
n	44	122.26222554600008	122.36310756600005	122.68120171100009	0	122.96666285600031	123.03040730800012	122.84826711300002	[-5]	0
v	45	124.56102124900008	124.763081866	125.08042508400013	0	125.31838379400006	125.42965841100022	125.1976150129999	[5]	0
n	46	126.96010711500003	126.97934991600005	127.29640909799991	0	127.53441855100027	127.62900882099984	127.34690607599987	[5]	1
v	47	129.359932588	129.44394289899992	129.7623048370001	0	129.99846188400033	130.11149244099988	129.87940995200006	[5]	0
n	48	131.641978139	131.84385243999986	132.16170629199996	0	132.49451524699998	132.496160187	132.21201349000012	[5]	1
n	49	134.22628189599982	134.29998769099984	134.61080618799997	0	134.8145613480001	134.96000300000014	134.66131296100002	[-5]	0
v	50	136.49048874300024	136.66717733799987	136.97666925800013	0	137.20655451099992	137.32590727600018	137.1105059659999	[5]	0
n	51	138.85722097200005	139.0275224699999	139.34261655199998	0	139.57473531799997	139.675151122	139.4936304140001	[5]	1
v	52	141.406464443	141.65203803700024	141.95850588600024	0	142.13463898400005	142.30766366299986	142.04227559399988	[5]	0
n	53	143.83793534899996	143.85273032199984	144.17446502300027	0	144.43865173600034	144.50696457799995	144.2249608940001	[5]	1
n	54	146.23808734000022	146.45218821000026	146.77359490200024	0	147.0307741370002	147.10613622600022	146.8907144220002	[5]	1
n	55	148.83737435700004	149.14810481199993	149.4562756800001	0	149.73473104200002	149.8053000230002	149.55665275599995	[-5]	0
v	56	151.33668514800002	151.54872545199987	151.85539403199982	0	152.0467808620001	152.20456197500016	151.93912853099982	[5]	0
n	57	153.73519462100012	154.01229868600012	154.3212307220001	0	154.58277201600004	154.65377503399986	154.38845638400016	[5]	1
v	58	156.38488884200024	156.65155514800017	156.97038896499998	0	157.31092227900035	157.32107329600012	157.087509384	[-5]	1
n	59	159.05068556900005	159.2755520730002	159.58631115300022	0	159.77488520700035	159.93546036999987	159.77001670000027	[-5]	0
v	60	161.46613763799996	161.72495329799995	162.03562099600003	0	162.26297309200027	162.38466835300005	162.21922766199987	[5]	0
n	61	163.9152622890001	164.21167854600026	164.51803475199995	0	164.7109580890001	164.86721397400015	164.70185863100005	[-5]	0
v	62	166.39774447699983	166.57216197200023	166.88395254299985	0	167.07107066300023	167.21655779999992	167.01772509600005	[-5]	1
n	63	168.94736359499984	169.2756851879999	169.58317865000026	0	169.87897398099994	169.91565051499992	169.75018122099982	[5]	1
v	64	171.64786117799986	171.85172819399986	172.16561714199997	0	172.37513384900012	172.49822865299984	172.33272087600017	[-5]	1
n	65	174.229292343	174.4599701420002	174.7814879460002	0	174.97512379699992	175.11407302899988	174.88194930200007	[5]	1
n	66	176.844622522	176.96445802100015	177.28069866900023	0	177.55123189999995	177.6299372630001	177.34784494399992	[-5]	0
v	67	179.16077382999993	179.25329611200004	179.56330098900025	0	179.91145651500028	179.91419969400022	179.63048379700012	[-5]	1
v	68	181.64354222600014	181.7639349750002	182.07917743200005	0	182.2231990160003	182.42841634900014	182.21298558699982	[5]	0
n	69	183.9591435430002	184.2198736989999	184.52838942300014	0	184.75127092899993	184.87763963199995	184.6121997350001	[-5]	0
v	70	186.40826782700015	186.48396373200012	186.79436622799994	0	186.95949843800008	187.12692408800012	186.84485411000014	[-5]	1
n	71	188.85900093400005	189.11726447299998	189.42686242499985	0	189.6233828039999	189.77608255999985	189.54399182199995	[-5]	0
v	72	191.30647032600018	191.4282997270002	191.74286664200008	0	192.079312716	192.09345075200008	191.8932794719999	[-5]	1
n	1	200.40574033400026	200.88439980700014	201.18990627899984	0	201.32752543900006	201.52236673200014	201.3732602670002	[5]	1
v	2	203.25290661999998	203.30133887300008	203.62241786799996	0	203.8635813660003	203.95495584599985	203.68961143600018	[-5]	1
n	3	205.685375906	205.90821000999995	206.22161178600027	0	206.39960335500018	206.55416501599984	206.33874328699994	[5]	1
n	4	208.28462891400022	208.57228873099984	208.8874360640002	0	209.14365236699996	209.23665120199985	209.02125757700014	[-5]	0
v	5	210.76657529800013	210.82133050999983	211.136881635	0	211.4636850070001	211.47067774200013	211.28717475299982	[-5]	1
n	6	213.19981901099982	213.4853600370002	213.80259071299997	0	214.02374602100008	214.15178556599994	213.96972867800014	[-5]	0
v	7	215.68163622200018	215.9169776230001	216.23520959799998	0	216.47176656200008	216.58435702099996	216.41890164200004	[5]	0
n	8	218.11439862899988	218.37268137499996	218.68440231600016	0	219.06375597100032	219.03412609299994	218.75149291700018	[-5]	0
v	9	220.56360575400004	220.7085366629999	221.0170782770001	0	221.23195538000027	221.3661891480001	221.15077127299992	[5]	0
v	10	222.89588471600018	223.14154208699983	223.44956421999996	0	223.8718860250001	223.7993825980002	223.60000891000027	[5]	0
v	11	225.32887874200014	225.46112239800004	225.7821487450001	0	225.92792144400028	226.11470705700003	225.91597786400007	[-5]	1
v	12	227.844802523	227.876540492	228.19811287799985	0	228.39995314299995	228.54727831399987	228.33184660200004	[5]	0
n	13	230.07744586199988	230.17270073600002	230.48069305599984	0	230.72830754799998	230.82996018099993	230.66445941099983	[-5]	0
v	14	232.3602802710002	232.46108146200004	232.77998709099984	0	233.12002316500002	233.13066522500003	232.89708574399992	[-5]	1
v	15	234.85993818899988	235.09309615099983	235.41249163800012	0	235.59211768500018	235.76171957799988	235.5630071129999	[5]	0
n	16	237.29180550499996	237.5101825920001	237.828390356	0	238.0803822490002	238.1776316559999	237.99552707500015	[-5]	0
v	17	239.7077020490001	239.85282436900025	240.16096895500004	0	240.3682162340001	240.51024438900004	240.22815455399996	[5]	0
n	18	242.04004627099994	242.1410928549999	242.46027097000024	0	242.66418336700008	242.79283690400007	242.51081007699986	[5]	1
v	19	244.52382695200004	244.69395803099997	245.00960942400025	0	245.4802183730003	245.35923582700025	245.1599347629999	[-5]	0
n	20	246.88874672700013	247.00494370000024	247.32555851400002	0	247.6803182970002	247.6751771019999	247.3759041620001	[5]	0
v	21	249.20483346699984	249.44499863500005	249.7579911150001	0	249.9763181100002	250.0905747830002	249.8251108620002	[-5]	1
n	22	251.82100507699988	252.0938308650002	252.40717609700005	0	252.576348608	252.7397097349999	252.57424947400023	[5]	1
v	23	254.4707768379999	254.6220876020002	254.93969742799982	0	255.20038970099995	255.2724314699999	255.07356706300016	[-5]	1
v	24	257.0027681780002	257.3259125740001	257.63884972899996	0	257.8484747040002	257.98811503800016	257.68941194399986	[5]	0
n	25	259.51808597599984	259.661086654	259.971419988	0	260.39241785000013	260.3212369030002	260.12194431399985	[5]	0
v	26	261.8508949070001	261.90140355899985	262.220879255	0	262.42460334099997	262.570015197	262.3711854349999	[5]	0
n	27	264.09960446800005	264.20516733700015	264.52004355500003	0	264.68854422799996	264.8692667989999	264.6871471469999	[-5]	0
v	28	266.399053783	266.6052139630001	266.9193011010002	0	267.1687321180002	267.26858310900025	266.9864295420002	[5]	0
n	29	268.79917084199997	268.8372765590002	269.15194277399996	0	269.304665314	269.50114568200024	269.3354116139999	[-5]	0
v	30	271.0313138659999	271.11734983099996	271.434628124	0	271.640686663	271.7671101740002	271.5349908600001	[-5]	1
v	31	273.4973647749998	273.6213512009999	273.93377947399995	0	274.20873579	274.26635571299994	274.0342769409999	[-5]	1
v	32	276.00200924599994	276.253849188	276.56634187300006	0	276.75271481300024	276.9155511859999	276.666749258	[5]	0
n	33	278.4464748790001	278.60606241999994	278.9157639220002	0	279.12079935500014	279.26484018600013	279.0659995619999	[-5]	0
n	34	280.794737274	281.04673350400026	281.364798565	0	281.6171744799999	281.71399664399996	281.4819796900001	[-5]	0
v	35	283.2447490469999	283.4295595220001	283.7476434370001	0	283.91298981	284.07992332899994	283.8645291409998	[-5]	1
v	36	285.81018679399995	286.09373785800017	286.41325422499995	0	286.5451779600003	286.7624385899999	286.59664175499984	[5]	0
n	37	288.29232815900014	288.3975741029999	288.712500957	0	288.84899547700024	289.04505003700024	288.79630973099984	[5]	1
v	38	290.7755930019998	291.006602726	291.32831496200015	0	291.56908919100033	291.66087802699985	291.37881270800017	[-5]	1
v	39	293.3911643040001	293.63916198100014	293.96088546400006	0	294.1053103250001	294.2934007580002	294.09462474400016	[-5]	1
v	40	296.0240111920002	296.30983953099985	296.6267265770002	0	296.873088627	296.959212149	296.7104585930001	[-5]	1
v	41	298.68968302600024	298.82180226399987	299.142616565	0	299.265279446	299.4750796630001	299.22634502400024	[-5]	1
n	42	301.2052584500002	301.32587053099996	301.64177221399996	0	301.8331885970001	301.97432793400003	301.7089223759999	[5]	1
v	43	303.70482114800006	303.965914591	304.27438758100016	0	304.51329063799994	304.6068335330001	304.45806492300017	[-5]	1
n	44	306.33708533300023	306.46191367300025	306.77351062200023	0	306.9292531670003	307.1060506929998	306.8906877620002	[5]	1
v	45	308.83655589299997	309.11782170100014	309.4393484840002	0	309.65731703400024	309.7718918310002	309.60651776600025	[-5]	1
n	46	311.50215160300013	311.7019299520002	312.0219331070002	0	312.21735801700015	312.354477803	312.1390018870002	[5]	1
v	47	314.0848407110002	314.33471580800006	314.65439013900004	0	314.889768519	315.0036298519999	314.7548558530002	[5]	0
n	48	316.5338775280002	316.66213688900007	316.9703352810002	0	317.3134455290001	317.320969373	317.13744995000025	[5]	1
n	49	319.05002711399993	319.05460096700017	319.3695995170001	0	319.593496424	319.71879083700014	319.52001702100006	[-5]	0
v	50	321.24871261499993	321.53446537399986	321.85218485999985	0	322.03374405500017	322.20135607400016	321.93609721600023	[5]	0
v	51	323.73109988199985	323.79025576999993	324.10146056700023	0	324.45764544600024	324.4512126079999	324.15190044400015	[-5]	0
v	52	325.981568786	326.2145642820001	326.5340183359999	0	326.721575861	326.8832039600002	326.63445030799994	[5]	0
n	53	328.413927992	328.41812448500013	328.73337756399997	0	328.9376345410001	329.0659922959999	328.8671179180001	[5]	1
n	54	330.79642811700023	330.8553403820001	331.1659199179999	0	331.44167022700003	331.5151329549999	331.2830510250001	[-5]	0
v	55	333.0452155920002	333.26371769000025	333.5818286150002	0	333.769708026	333.93104366199987	333.66566706000003	[5]	0
v	56	335.46111702100006	335.47175454399985	335.78118264900013	0	336.0337348420003	336.13035143000025	335.8482982360001	[5]	0
n	57	337.660613001	337.759550193	338.08042445	0	338.3697873360002	338.412986759	338.130893434	[5]	1
v	58	340.1434711910001	340.34320047200026	340.6629440470001	0	340.865882863	340.9955203710001	340.76343079200024	[-5]	1
n	59	342.7258178400002	342.84763395400023	343.16218558499986	0	343.36990294299994	343.49478480100015	343.32929760800016	[5]	1
v	60	345.22501173	345.2865308390001	345.59475145600027	0	345.90592337399994	345.92729593600006	345.6452265610001	[-5]	1
n	61	347.65837124400014	347.8556669479999	348.1773932780002	0	348.45049423499995	348.52653941300014	348.2278079319999	[-5]	0
v	62	350.0566118659999	350.2309392259999	350.54333958000007	0	350.7780277229999	350.87574553000013	350.6269762510001	[-5]	1
v	63	352.60650521200023	352.89469685099994	353.2090960129999	0	353.6100317630003	353.55888625700027	353.27623406700013	[-5]	0
v	64	355.0881980280001	355.3991890090001	355.70824342700007	0	355.83409021000034	356.057465849	355.84287943000027	[5]	0
n	65	357.587231254	357.8228334139999	358.14083852800013	0	358.2661375450002	358.4901093940002	358.24128878700003	[-5]	0
v	66	360.01994626199985	360.198842195	360.50683894099984	0	360.7542040600001	360.83930832099986	360.6905097130002	[-5]	1
v	67	362.5695041990002	362.7753831	363.0893069980002	0	363.2262985460002	363.4218890729999	363.17310959299994	[-5]	1
n	68	365.1529886359999	365.3989291769999	365.70515650900006	0	366.0502338670003	366.0557947000002	365.80561056600027	[5]	1
v	69	367.7851094870002	367.84824508300017	368.1544616880001	0	368.3464024320001	368.50362387099995	368.2715313110002	[5]	0
n	70	370.0337416450002	370.18296650799994	370.50389031199984	0	370.6824274999999	370.83619762299986	370.587444838	[5]	1
[]	71	372.56654878200015	372.7349955939999	373.0528686440002	0	0.0	373.4026008320002	373.23667725099995	[5]	0
n	72	374.93254455199985	375.15119784599983	375.4688502439999	0	375.69844669500026	375.801323014	375.635866392	[5]	1
n	1	425.96888816599994	429.37618604299996	429.68524939100007	0	429.8275235330002	430.03444040700015	429.7856937440001	[-5]	0
v	2	431.56408363499986	431.7930648460001	432.1011873729999	0	432.275587225	432.45035605700014	432.268434434	[5]	0
n	3	433.980435293	434.05617730699987	434.3672530409999	0	434.51574633200016	434.71633212000006	434.5338791240001	[-5]	0
v	4	436.24654445199985	436.49669495900025	436.81634758200016	0	436.9479370700001	437.16556766199983	436.99974942000017	[5]	0
v	5	438.69557953000003	438.78419017700026	439.0990369870001	0	439.259645781	439.4481944710001	439.14946590399995	[5]	0
n	6	440.978888136	441.2562541719999	441.56495345700023	0	441.7397125299999	441.89743447	441.7153697680001	[5]	1
n	7	443.62798045499994	443.7602982459998	444.0808445460002	0	444.227738046	444.43002384700003	444.214533674	[-5]	0
v	8	445.9606007130001	446.0720414450002	446.3800614840002	0	446.5158183530002	446.7292596440002	446.54688905800003	[5]	0
v	9	448.2596652850002	448.5054813820002	448.8126297859999	0	449.03575369500004	449.1452509400001	448.92980505900005	[-5]	1
n	10	450.87541749599995	451.1609705239998	451.4785394710002	0	451.7078172290003	451.8109843010002	451.61224272000027	[5]	1
n	11	453.5414492730001	454.2254826630001	454.54416756599994	0	454.85192271899996	454.8934623609998	454.66138302599984	[-5]	0
v	12	456.4232567879999	456.5052235590001	456.8268294290001	0	456.9962746420001	457.1760398800002	456.9939568640002	[5]	0
n	13	458.7063561320001	458.91260161399987	459.22612647000005	0	459.45210704500005	459.5753376900002	459.326563999	[-5]	0
v	14	461.10524159800025	461.4093861659999	461.72543609700006	0	461.9800015310002	462.057857841	461.7924421590001	[-5]	1
n	15	463.78805209400025	464.26477135799996	464.5744261250002	0	464.7320405119999	464.90697639100017	464.65828383999997	[5]	1
v	16	466.63746487100025	466.8727475159999	467.19028399399986	0	467.41215056500005	467.522813135	467.3407150349999	[-5]	1
n	17	469.2530195300001	469.553088182	469.8728925999999	0	470.1001609350001	470.2053242699999	469.95660413999985	[5]	1
v	18	471.93576230200006	472.14566239800024	472.4553199840002	0	472.63621407100027	472.7880435870002	472.64078081900016	[-5]	1
n	19	474.51848217999986	474.56896818199994	474.887882944	0	475.0762592690003	475.237084204	475.0716567899999	[-5]	0
n	20	476.76688218300023	476.77756829200007	477.08721228600007	0	477.31631831100003	477.4364423830002	477.15433318600026	[-5]	0
v	21	478.96641887199985	479.19325308999987	479.5031335479998	0	479.7083535890001	479.83572817899994	479.65360915400015	[-5]	1
v	22	481.5666145109999	481.6904189060001	482.00234349699986	0	482.15638790899993	482.334890353	482.11947340000006	[-5]	1
n	23	484.06553315300016	484.20230322199995	484.51828017900016	0	484.716711177	484.850822162	484.56879176500024	[5]	1
v	24	486.58115826699986	486.697102309	487.01747175499986	0	487.1965006800001	487.35001925999995	487.16788937399997	[-5]	1
n	25	489.0803732019999	489.3218484580002	489.63334704299996	0	489.83655704600005	489.98254004599994	489.71718644500015	[-5]	0
v	26	491.5121797930001	491.60915341500004	491.9159514090002	0	492.0925797540003	492.26517220000005	491.98306299700016	[5]	0
v	27	493.795100329	493.87311309000006	494.1819298380001	0	494.45261464700025	494.5310726900002	494.3157746050001	[5]	0
n	28	496.06111971200016	496.31340525199994	496.6312507769999	0	496.92474306700024	496.9636744260001	496.69822876299986	[5]	1
n	29	498.6945421129999	498.7218962940001	499.0303694190002	0	499.2687517090003	499.3629274310001	499.16416224700015	[5]	1
v	30	501.09349966900027	501.2175415739998	501.529609919	0	501.94080398799997	501.87937408200014	501.63004526199984	[-5]	0
n	31	503.40908994500023	503.5538406750002	503.8622026930002	0	504.0208740400003	504.19473626299987	504.0456970360001	[5]	1
v	32	505.92582562200005	506.1215584229999	506.42810361500005	0	506.68495696300033	506.76064967599996	506.57857312199985	[-5]	1
n	33	508.49259093	508.69837285099993	509.01069185899996	0	509.21302844499996	509.3432229539999	509.16109940700017	[5]	1
v	34	511.07381118700005	511.32975045500007	511.64315446599994	0	511.83701246300006	511.99237223	511.74372099599987	[5]	0
n	35	513.5234854099999	513.697694639	514.0091134700001	0	514.197083731	514.3583001299999	514.126369266	[-5]	0
v	36	515.888583334	516.0817489840001	516.391715446	0	516.565049631	516.7409661770002	516.4588366419998	[5]	0
n	37	518.271167465	518.3469387509999	518.6577212110001	0	518.8851797370003	519.0068265479999	518.7914243509999	[-5]	0
v	38	520.5376197770001	520.6978585500001	521.0069041800002	0	521.2054206749999	521.3561685750001	521.1573658480002	[5]	0
v	39	522.886128649	523.0099879519998	523.3228640130001	0	523.5253573670002	523.6721265410001	523.4399821269999	[5]	0
n	40	525.201805018	525.2818381110001	525.5888916439999	0	525.869225202	525.9213870140002	525.6893209270002	[5]	1
n	41	527.6563730040002	528.0658173860002	528.3713118360001	0	528.5812880600001	528.7205746109998	528.4218713989999	[-5]	0
v	42	530.2502233979999	530.5147870370001	530.8205421490002	0	530.9893156430003	531.153077769	530.904333724	[-5]	1
v	43	532.8844093120001	533.081999474	533.4031390350001	0	533.5894283930002	533.7523360670002	533.4868780500001	[5]	0
n	44	535.282272504	535.3391147349998	535.6523954519998	0	535.8454777410002	536.001638488	535.7862335139998	[-5]	0
v	45	537.5317581489999	537.7231021819998	538.0349637700001	0	538.2538057030001	538.3841768870002	538.2020932360001	[5]	0
v	46	539.914129019	540.0506369750001	540.3675917549999	0	540.5497073770002	540.7001274889999	540.4514791760002	[-5]	1
n	47	542.430996734	542.77815573	543.100119193	0	543.4852815180002	543.4498246399999	543.250498373	[5]	0
n	48	544.9791923409998	545.1703907249998	545.4826727919999	0	545.78959442	545.8318993140001	545.649757318	[-5]	0
v	49	547.3620127300001	547.5153196629999	547.8321504730002	0	548.0056321350003	548.1811569420001	547.9491325240001	[5]	0
v	50	549.7112902059998	549.971528561	550.2812260229998	0	550.4295198750001	550.6137279270001	550.4479853080002	[-5]	1
n	51	552.3444609110002	552.58641932	552.897142966	0	553.062169151	553.2462448880001	552.9975201779998	[-5]	0
v	52	554.7768418320002	555.003540192	555.3130140510002	0	555.49381051	555.645506159	555.3802079450002	[-5]	1
n	53	557.3760519850002	557.6113006260002	557.9288213610002	0	558.1018366130002	558.2614610690002	557.9792760569999	[5]	1
v	54	559.9918829200001	560.235434788	560.5446410509999	0	560.701890629	560.8772060010001	560.7126038189999	[-5]	1
n	55	562.6081168300002	562.6984947430001	563.0105436690001	0	563.1019220890003	563.359753965	563.0943305229998	[-5]	0
v	56	564.889889048	564.9717205679999	565.2931928319999	0	565.478302605	565.6257328930001	565.4273117030002	[-5]	1
n	57	567.3562780339998	567.5791125760002	567.8923921420001	0	568.030005303	568.224912785	568.0095029029999	[5]	1
v	58	569.9558396030002	570.1953361340002	570.5082937749999	0	570.6940740069999	570.8408269649999	570.6920212660002	[-5]	1
n	59	572.5712672909999	572.7159205870003	573.0240976260002	0	573.1501181980002	573.3566689130002	573.158733799	[5]	1
v	60	575.0885129130002	575.1076614500003	575.4233817640002	0	575.6621964579999	575.7725931340001	575.5404963209999	[5]	0
v	61	577.3029018520001	577.4042293440002	577.722684625	0	577.9573838910001	578.0718773630001	577.9064689400002	[5]	0
n	62	579.6022206490002	579.7638087400001	580.0719310979998	0	580.1982511179999	580.404492656	580.1723833679998	[5]	1
n	63	582.134940589	582.2839431749999	582.6044752140001	0	582.8942692559999	582.9370833359999	582.788274389	[5]	1
n	64	584.667514359	584.82711888	585.1370764409999	0	585.3903557420003	585.486254632	585.3208101509999	[-5]	0
v	65	587.0163564730001	587.0670191980003	587.3863451910001	0	587.6304444520001	587.7188901449999	587.436805672	[-5]	1
n	66	589.4494129559998	589.6992523819999	590.018855586	0	590.2144796120001	590.351452244	590.1026856899998	[5]	1
v	67	592.0816699319998	592.1471379899999	592.4680945099999	0	592.6786368790004	592.8173013989999	592.5685454059999	[5]	0
n	68	594.3475068970001	594.3711900480002	594.684136935	0	594.9746098340001	595.0332933889999	594.7345560530002	[-5]	0
v	69	596.5633731170001	596.756129765	597.066688939	0	597.422525896	597.4164311989998	597.1172401650001	[5]	0
v	70	598.9459843770001	599.043289486	599.3493417670002	0	599.6466397960003	599.6818523110001	599.4164366559999	[-5]	1
n	71	601.412121496	601.7082419210001	602.0151819430002	0	602.3747284579999	602.3649242830002	602.0823484070002	[5]	0
v	72	603.8943084020002	604.1084233740003	604.4144313639999	0	604.6707370710001	604.7469609569998	604.4649396740001	[-5]	1
n	1	851.721193929	852.4974635829999	852.8043983110001	0	853.1558029180001	853.1542626810001	852.9714911400001	[5]	0
v	2	854.6837064609999	854.801530065	855.1203616130001	0	855.2678456860003	855.4696129280001	855.2042015249999	[5]	0
v	3	856.9997792419999	857.0249580650002	857.3363320419999	0	857.5159247320003	857.6689313759998	857.470107831	[-5]	1
v	4	859.399649166	859.5365496869999	859.8524715399999	0	860.0520611810002	860.184828549	859.9360027480002	[-5]	1
n	5	861.9152272740002	861.9766352490001	862.2848529140001	0	862.4920536630002	862.6340274630002	862.3519310259999	[-5]	0
n	6	864.165949316	864.1767248010001	864.4841429020003	0	864.843943849	864.8339117680002	864.6346059960001	[-5]	0
n	7	866.3636123460001	866.4329488910003	866.7501218940001	0	866.956114262	867.0993197329999	866.9172269139999	[-5]	0
v	8	868.6296161270002	868.736700034	869.049531876	0	869.284137007	869.3986099059998	869.149948968	[5]	0
v	9	870.9285084409998	871.4008159129999	871.715308108	0	871.916155724	872.047781406	871.7658082510002	[-5]	1
v	10	873.7783820469999	874.080863868	874.3977573090001	0	874.69225792	874.7469679649998	874.5816047030003	[5]	0
v	11	876.277295113	876.312941911	876.630459641	0	876.8522746530002	876.962943167	876.7308497230001	[-5]	1
n	12	878.6934000820002	878.962127369	879.2796047679999	0	879.4923580120003	879.6121934430003	879.4134821160001	[5]	1
n	13	881.3430248270001	881.3851981870002	881.6955897100001	0	881.9403972170003	882.1113770060001	881.8293990689999	[-5]	0
v	14	883.6420910390002	883.7848459410002	884.0947758779998	0	884.3564559220004	884.444042823	884.2118957060002	[5]	0
n	15	885.9740688850002	886.1694315650002	886.4774373660002	0	886.8204764420002	886.8279872440003	886.6444885360002	[-5]	0
v	16	888.3566281220001	888.4344848780001	888.743325899	0	888.9965601020003	889.0758882210002	888.79382283	[-5]	1
n	17	890.8063939150002	891.0415945989998	891.3592074090002	0	891.620598083	891.6917321390001	891.4097897790002	[5]	1
v	18	893.4229693440002	893.4734827249999	893.7918359250002	0	894.05263642	894.140995066	893.975536639	[5]	0
n	19	895.6709172710002	895.7453408060001	896.0577500200002	0	896.3167016060002	896.3902952530002	896.1915397319999	[5]	1
v	20	898.120701971	898.4105186209999	898.7237223050001	0	898.9647652640001	899.0728231160001	898.790730106	[5]	0
v	21	900.6027569020002	900.6344126600002	900.9396407660001	0	901.2211356860003	901.2721472930002	901.1233494020003	[-5]	1
n	22	903.0023535640003	903.0507549090003	903.3721722280002	0	903.6928472510003	903.7060917379999	903.5059763190002	[5]	1
v	23	905.435820443	905.7466667660001	906.0546870570001	0	906.2929151130002	906.4038840900002	906.138472868	[5]	0
n	24	907.933953405	908.0264382199998	908.337365033	0	908.5410391620003	908.6698684749999	908.487787862	[5]	1
n	25	910.400310989	910.5455965219999	910.8532242790002	0	911.1170183580002	911.2025226700002	910.9203306039999	[-5]	0
v	26	912.732089787	912.7937435950003	913.1026131479998	0	913.365073557	913.4350490719999	913.219637269	[-5]	1
v	27	915.165916076	915.4346137369998	915.751690049	0	916.0691008399999	916.10090876	915.8188984590001	[5]	0
n	28	917.6313205410002	917.6670783509999	917.984305248	0	918.1333592650003	918.3168905570001	918.1510918600002	[5]	1
n	29	920.0472702010002	920.282347286	920.6001831009999	0	920.957224757	920.9500070869999	920.7339850100002	[-5]	0
v	30	922.4794766159998	922.5699255240002	922.8829143070002	0	923.0533112410003	923.2320178139998	922.9833129029998	[5]	0
n	31	924.7621648200002	924.8107409959998	925.1321875809999	0	925.3413077800001	925.481391754	925.2159182270002	[-5]	0
v	32	927.0114090739999	927.1459510200002	927.4647787660001	0	927.6213236660001	927.7973494850003	927.598577798	[-5]	1
n	33	929.5277676559999	929.7781095199998	930.0972797690001	0	930.2614397860002	930.4465119229999	930.1477393579999	[-5]	0
v	34	931.976607693	932.186667731	932.4965371799999	0	932.749440347	932.8291461449999	932.680306796	[-5]	1
n	35	934.5611371290001	934.6498820420002	934.962476875	0	935.1254913180001	935.29498556	935.0297969349999	[5]	1
v	36	937.025392001	937.138916415	937.4451148590001	0	937.6777295320003	937.7942393339999	937.5457700070001	[5]	0
n	37	939.3242271449999	939.4188911440001	939.7276308159999	0	939.934194382	940.0603964370002	939.9114135690002	[5]	1
v	38	941.7914878800002	941.8820961020001	942.1936357250001	0	942.46158066	942.5427576870002	942.344002156	[5]	0
n	39	944.0731842979999	944.1950291020003	944.5095437939999	0	944.6537101860004	944.842068898	944.6609121840002	[5]	1
n	40	946.572329097	946.8432192549999	947.1586879810002	0	947.3497794640002	947.5079656819998	947.3428723410002	[-5]	0
v	41	949.0376963419999	949.2583894190002	949.5746238629999	0	949.7818295840002	949.9239055590001	949.6584517850001	[5]	0
n	42	951.4541536669999	951.5152331660001	951.8239268689999	0	952.029875322	952.173143597	951.9744055750002	[-5]	0
n	43	953.703168083	953.8505682620003	954.1566746009998	0	954.406005719	954.4890974099999	954.2570947570002	[5]	1
n	44	956.2193093129999	956.2677717289998	956.5891465610002	0	956.7820079510002	956.921693146	956.7063101039998	[5]	1
n	45	958.6532914720001	958.76257274	959.071712123	0	959.230078731	959.420930189	959.1888884750001	[-5]	0
v	46	960.9510521540001	961.2030639899999	961.5211398920001	0	961.6781463080001	961.870158875	961.6889610130002	[5]	0
n	47	963.4007769640002	963.4681599830001	963.7869742379999	0	963.9901487900001	964.1194782020002	963.970649116	[5]	1
v	48	965.8499196349999	966.043081795	966.352863484	0	966.518416205	966.6853438369999	966.5032365110001	[-5]	1
n	49	968.415882621	968.5399294670001	968.852143312	0	969.0142358510002	969.2012371390001	968.935901805	[-5]	0
v	50	970.7313063350002	970.7399567749999	971.0514100609998	0	971.238275487	971.4005620880002	971.2019390820001	[5]	0
n	51	972.93050889	973.0042370239998	973.317336655	0	973.4866097260001	973.649864171	973.3678736669999	[5]	1
n	52	975.3803789630001	975.3869903559998	975.699952682	0	975.9183833980001	976.0491853439999	975.8670198139998	[-5]	0
v	53	977.5794087610002	977.6677013990002	977.9825615989998	0	978.142464047	978.3317596490001	978.0663245199999	[5]	0
n	54	979.8620349349999	979.9480079340001	980.2653404329999	0	980.4544767030002	980.6144473220002	980.4156747780003	[-5]	0
v	55	982.1440836370002	982.2198193869999	982.5311986940001	0	982.8945393130002	982.880897989	982.6982586859999	[5]	0
n	56	984.4100224230001	984.5633528110002	984.8804291699998	0	985.1905816660001	985.2296569320001	985.0642224650001	[-5]	0
n	57	986.7599492290001	986.8193522030001	987.1297378270001	0	987.3826966199999	987.4789520680001	987.2135652259999	[-5]	0
n	58	989.008883816	989.1244885750002	989.4456888170002	0	989.638663745	989.7949088240002	989.4962048530001	[-5]	0
n	59	991.3250804109998	991.4511021379999	991.7616750269999	0	991.9667250800003	992.0942043220002	991.812158705	[5]	1
n	60	993.824731402	994.0839390340002	994.394285026	0	994.6628260490002	994.743387467	994.5613456450001	[-5]	0
v	61	996.2729780740001	996.2837184539999	996.5935255640002	0	996.8148235910003	996.926046303	996.6606175340003	[-5]	1
v	62	998.6567373100002	998.7724237970001	999.0927040850002	0	999.2468755479999	999.4419225380002	999.1598729000002	[5]	0
n	63	1000.9717284819999	1001.0118820759999	1001.3254225109999	0	1001.5911417990001	1001.6579024080002	1001.4591073269999	[5]	1
n	64	1003.390001147	1003.5958643690001	1003.907911534	0	1004.15934883	1004.2571149089999	1004.025031275	[-5]	0
v	65	1005.787325106	1005.947761934	1006.2574214480001	0	1006.4950296110001	1006.5897663670003	1006.3577447769999	[-5]	1
n	66	1008.32020337	1008.3797216020002	1008.689764837	0	1009.087117651	1009.03951671	1008.7402445329999	[5]	0
n	67	1010.569076452	1010.7331180330002	1011.0390523440001	0	1011.2234688379999	1011.3883050730001	1011.1561626850003	[-5]	0
v	68	1012.9178561120002	1013.0838659020001	1013.405091829	0	1013.5431914350002	1013.7542040610001	1013.5221260930002	[5]	0
n	69	1015.284303633	1015.4692415260001	1015.787579886	0	1015.9672469730003	1016.1368116160002	1015.8880382880002	[-5]	0
v	70	1017.6669180600002	1017.8119693110002	1018.1202549049999	0	1018.3113093430002	1018.4528018280002	1018.253985714	[-5]	1
n	71	1020.1832578050003	1020.388877893	1020.7027427560001	0	1020.8793811670002	1021.0352967449999	1020.8198625959999	[5]	1
n	72	1022.7671417060001	1022.9879832350002	1023.3019479099999	0	1023.5515845350001	1023.6511639640003	1023.4024502329999	[-5]	0
n	1	1032.3170142220001	1034.724656552	1035.0317784220001	0	1035.191617118	1035.3808854469999	1035.1154781599998	[-5]	0
v	2	1036.910765395	1036.932438666	1037.247703611	0	1037.487710384	1037.5802080140002	1037.3314316209999	[-5]	1
n	3	1039.3108645080001	1039.5003703090001	1039.81352715	0	1039.935762907	1040.146208259	1039.996987852	[5]	1
v	4	1041.876767192	1042.0130092	1042.329444419	0	1042.591823103	1042.661991801	1042.4465456829998	[-5]	1
n	5	1044.3927331670002	1044.653127383	1044.961990967	0	1045.119859546	1045.3111630900003	1045.1299681270002	[-5]	0
n	6	1046.841205325	1046.8855785629999	1047.194657948	0	1047.423912187	1047.543816982	1047.3783792899999	[-5]	0
v	7	1049.0737238739998	1049.300697022	1049.610640585	0	1049.855946616	1049.9597258869999	1049.727682102	[5]	0
n	8	1051.4896263670003	1051.7488693340001	1052.059773374	0	1052.3200258840002	1052.3923217770002	1052.143587469	[5]	1
v	9	1054.123008309	1054.2049774010002	1054.525693268	0	1054.720103181	1054.874910559	1054.609480607	[5]	0
n	10	1056.405238243	1056.6614175109999	1056.974936401	0	1057.2243019870002	1057.30747871	1057.142050036	[5]	1
v	11	1059.0383219230002	1059.2460800489998	1059.5575016070002	0	1059.7602540070002	1059.890039031	1059.6579541340002	[-5]	1
n	12	1061.620611798	1061.637544352	1061.956724437	0	1062.184245671	1062.305989461	1062.1071659959998	[-5]	0
v	13	1063.835940163	1063.8848595180002	1064.206065193	0	1064.416282145	1064.538596846	1064.2732247120002	[-5]	1
n	14	1066.269238757	1066.4540152519999	1066.7719396809998	0	1066.992407537	1067.121138179	1066.92238249	[-5]	0
v	15	1068.6512528510002	1068.7416911	1069.0545487539998	0	1069.312388197	1069.403758558	1069.121751275	[5]	0
n	16	1070.934044435	1070.981095302	1071.287198736	0	1071.6404575300003	1071.637024875	1071.3543679	[5]	0
v	17	1073.166627488	1073.3261740829998	1073.636477996	0	1073.856489575	1073.98567791	1073.7369596520002	[5]	0
n	18	1075.5159486960001	1075.629501203	1075.9357647040001	0	1076.160548925	1076.2849786840002	1075.98629914	[-5]	0
n	19	1077.8151698679999	1077.9895613130002	1078.3017088830002	0	1078.5607023350003	1078.634245831	1078.35213893	[5]	1
n	20	1080.36484349	1080.646129367	1080.9675342220003	0	1081.2328336770001	1081.30013499	1081.1512925780003	[5]	1
v	21	1083.03072419	1083.2070480769999	1083.5168630560001	0	1083.7047141420003	1083.865967093	1083.567230745	[5]	0
n	22	1085.3959652429999	1085.4863221370001	1085.7993858979999	0	1085.9767782040003	1086.1319593419998	1085.8998594250002	[5]	1
v	23	1087.862180872	1088.093373011	1088.3986033750002	0	1088.592849734	1088.747870055	1088.465847645	[5]	0
n	24	1090.2776396640002	1090.550761559	1090.864505595	0	1091.144909517	1091.1970644419998	1090.9816983360001	[5]	1
n	25	1092.9285537800001	1093.037838714	1093.3471381560003	0	1093.5610281470003	1093.6962911609999	1093.464269813	[-5]	0
n	26	1095.2263131630002	1095.3901322430002	1095.696352634	0	1095.9371168030002	1096.0455675530002	1095.796858397	[-5]	0
v	27	1097.5752430480002	1097.6465884079998	1097.962324091	0	1098.1932229980002	1098.294904195	1098.0294869499999	[-5]	1
v	28	1100.0255683579999	1100.126496967	1100.4449163969998	0	1100.713111642	1100.7774487739998	1100.595363584	[-5]	1
n	29	1102.5079794490002	1102.669762134	1102.977499516	0	1103.1933730620003	1103.310057402	1103.144602844	[5]	1
v	30	1105.040743256	1105.0470830560002	1105.360054831	0	1105.569177837	1105.69260773	1105.460539006	[-5]	1
n	31	1107.42335022	1107.549682122	1107.8593373610001	0	1108.017331206	1108.1918287429999	1107.993095102	[5]	1
n	32	1109.921920707	1109.9899083200003	1110.3085509880002	0	1110.5133922270002	1110.657732219	1110.4423248880003	[-5]	0
v	33	1112.187976263	1112.3265889909999	1112.641147963	0	1112.9294166600002	1112.9737064820001	1112.6917516910003	[-5]	1
v	34	1114.7040512150002	1114.8468814789999	1115.1570527610002	0	1115.3293927510003	1115.4896018489999	1115.3417346710003	[-5]	1
n	35	1117.219704618	1117.2388040629999	1117.556309213	0	1117.7455160520003	1117.8888514260002	1117.70680946	[5]	1
v	36	1119.6196902820002	1119.7268427929998	1120.0388998150001	0	1120.225511994	1120.3716579450002	1120.122746636	[-5]	1
n	37	1122.1024087790001	1122.342177816	1122.654755596	0	1122.8655268420002	1122.9872940159999	1122.771871046	[5]	1
n	38	1124.7178127729999	1124.82291438	1125.137385093	0	1125.3936351740003	1125.4698636090002	1125.187887562	[5]	1
n	39	1127.2001841310002	1127.334603659	1127.6532801580001	0	1127.8417261090003	1128.0024356140002	1127.7536797950002	[-5]	0
n	40	1129.5324611790002	1129.6312791730002	1129.952494011	0	1130.2097729920001	1130.3017109510001	1130.102957175	[-5]	0
v	41	1131.831585551	1131.911562056	1132.218482373	0	1132.457764494	1132.567684304	1132.3023639409998	[5]	0
n	42	1134.098659504	1134.1511802159998	1134.467918252	0	1134.697823177	1134.8003170030001	1134.60158098	[5]	1
n	43	1136.530681093	1136.654671841	1136.96706636	0	1137.3777920390003	1137.316789332	1137.118114205	[5]	0
n	44	1138.8459706600001	1139.031469738	1139.349625666	0	1139.634284185	1139.6821613930001	1139.4334871330002	[5]	1
n	45	1141.41281269	1141.6397775750002	1141.94889185	0	1142.425884543	1142.298638571	1142.0826134540002	[5]	0
n	46	1143.8279812690002	1144.182768098	1144.4980273350002	0	1144.674029108	1144.8472291100002	1144.6151225500003	[-5]	0
v	47	1146.377148511	1146.575382602	1146.8806592330002	0	1147.098050256	1147.213171288	1146.9478346380001	[-5]	1
v	48	1148.944262038	1149.007375652	1149.313346122	0	1149.546253467	1149.6457535230002	1149.4970636960002	[-5]	1
v	49	1151.376164919	1151.487509616	1151.7957872810002	0	1152.050196532	1152.144973208	1151.8462504240001	[5]	0
n	50	1153.6746364330002	1153.863589359	1154.178408289	0	1154.4822726480002	1154.5109235190002	1154.2954951309998	[5]	1
n	51	1156.2414351050002	1156.4473212550001	1156.7609311679998	0	1157.0343108810002	1157.0934679420002	1156.9113483290002	[5]	1
n	52	1158.8239101519998	1158.918991684	1159.2268427620002	0	1159.4425480560003	1159.5594167489999	1159.3606409970002	[5]	1
n	53	1161.2899958070002	1161.3510253959998	1161.6595245429999	0	1161.922414823	1162.0086184830002	1161.7098782140001	[-5]	0
v	54	1163.538588417	1163.6080511979999	1163.925388837	0	1164.1544534510003	1164.2579672450001	1164.1091627710002	[-5]	1
n	55	1165.988581313	1166.055876281	1166.3746260379999	0	1166.6268172600003	1166.723841608	1166.491841431	[-5]	0
v	56	1168.2539257120002	1168.464035558	1168.77389675	0	1168.954604294	1169.123114642	1168.9243397660002	[5]	0
n	57	1170.653092044	1170.7673565169998	1171.0732124310002	0	1171.362609839	1171.405760355	1171.256979748	[5]	1
n	58	1173.135936663	1173.199247736	1173.5057785049999	0	1173.75477994	1173.854972043	1173.6728999850002	[-5]	0
v	59	1175.3850651100001	1175.50350334	1175.821727567	0	1176.034757599	1176.154342465	1175.9888455690002	[-5]	1
n	60	1177.884649267	1178.015438818	1178.3377230219999	0	1178.626773346	1178.686861261	1178.404822979	[-5]	0
v	61	1180.217488919	1180.3686766199999	1180.686936952	0	1180.9390198260003	1181.019465028	1180.8540518539999	[-5]	1
v	62	1182.7501907629999	1182.832284429	1183.1528219450001	0	1183.5069884540003	1183.5025829259998	1183.2033218810002	[-5]	0
v	63	1185.0322188609998	1185.177473974	1185.485455682	0	1185.7872721970002	1185.818015725	1185.61927247	[-5]	1
n	64	1187.548484769	1187.6477922079998	1187.967991944	0	1188.1870009580002	1188.300566801	1188.068484067	[5]	1
n	65	1190.03254841	1190.0878071060001	1190.400596287	0	1190.6751332440003	1190.733161954	1190.5677186030002	[5]	1
n	66	1192.4638909650002	1192.7518035040002	1193.066455107	0	1193.2992303390001	1193.415667491	1193.2002288180001	[-5]	0
v	67	1194.9455153970002	1194.951894661	1195.265904977	0	1195.5152637240003	1195.598322836	1195.3495852370002	[-5]	1
n	68	1197.3288148820002	1197.377415158	1197.6983619060002	0	1197.851278058	1198.03090642	1197.8818398879998	[5]	1
n	69	1199.7614496669999	1199.992311892	1200.297612333	0	1200.467235694	1200.646773727	1200.431315592	[-5]	0
v	70	1202.1767281329999	1202.4959922980001	1202.8135348810001	0	1203.131215022	1203.162680593	1202.914073756	[5]	0
n	71	1204.6927167449999	1205.032638174	1205.346028216	0	1205.507357803	1205.678599284	1205.4131804180001	[5]	1
n	72	1207.409252772	1208.544703602	1208.8616100089998	0	1209.0914266540003	1209.194145504	1209.028733603	[5]	1
n	1	1215.505136613	1216.0007657840001	1216.3093486980001	0	1216.5875480960003	1216.6585250470002	1216.3764433669999	[-5]	0
v	2	1218.188181296	1218.224275394	1218.5419933060002	0	1218.763649636	1218.891168955	1218.62581352	[5]	0
v	3	1220.4214891309998	1220.4571516810001	1220.774610672	0	1220.9556613670002	1221.1238479970002	1220.8750597439998	[5]	0
n	4	1222.653697534	1222.6894482100001	1223.0072699920001	0	1223.243762828	1223.3564709000002	1223.0911411850002	[-5]	0
n	5	1224.8865963829999	1225.000240813	1225.306532704	0	1225.6677343000001	1225.656346315	1225.473670717	[5]	0
v	6	1227.1856715120002	1227.6644274670002	1227.972414246	0	1228.2597940600003	1228.321595725	1228.0562729399999	[5]	0
n	7	1229.851381771	1229.9208127749998	1230.2383569049998	0	1230.420050264	1230.5709742650001	1230.35548247	[5]	1
n	8	1232.3019265430003	1232.384665555	1232.7042717240001	0	1232.9079601430003	1233.036818987	1232.888153427	[5]	1
n	9	1234.767196271	1235.121932937	1235.4367707810002	0	1235.628018551	1235.78596878	1235.62056537	[-5]	0
v	10	1237.3162679840002	1237.4005403679998	1237.719453698	0	1237.916064516	1238.0686078899998	1237.78650723	[5]	0
n	11	1239.5986345860001	1239.785628138	1240.1020170709999	0	1240.316147125	1240.4346586299998	1240.1524765550002	[5]	1
n	12	1242.1653546759999	1242.394290265	1242.701202401	0	1242.940197383	1243.033746471	1242.818321326	[5]	1
v	13	1244.7641893610003	1244.81682937	1245.133780523	0	1245.372236881	1245.4663704710001	1245.1842878759999	[-5]	1
n	14	1247.196884201	1247.3939793099998	1247.6997222240002	0	1247.8922804150002	1248.0488552709999	1247.7834621470001	[-5]	0
v	15	1249.5788564919999	1249.889595619	1250.198945832	0	1250.4284027430003	1250.5481140360002	1250.249380616	[5]	0
n	16	1252.0783962209998	1252.217056257	1252.5315238030003	0	1252.7805111450002	1252.8806943230002	1252.5820032679999	[-5]	0
v	17	1254.4107375140002	1254.425691986	1254.730838091	0	1255.052330866	1255.0800596519998	1254.8813351930003	[5]	0
n	18	1256.610168699	1256.73000151	1257.046799876	0	1257.2605001750003	1257.396001472	1257.0972650489998	[-5]	0
n	19	1258.926037574	1258.953604418	1259.262788603	0	1259.516597761	1259.5953271560002	1259.396578255	[5]	1
v	20	1261.325910599	1261.609408286	1261.9286293670002	0	1262.1405954420002	1262.261246341	1262.0957368529998	[-5]	1
n	21	1263.991770652	1264.073502827	1264.3945270610002	0	1264.564657932	1264.7437534330002	1264.461719761	[-5]	0
v	22	1266.2751415060002	1266.4893090760002	1266.810462589	0	1267.044711771	1267.15971752	1266.878239953	[5]	0
n	23	1268.6899019900002	1268.7934228	1269.1097707019999	0	1269.36483773	1269.4422893800001	1269.260201445	[5]	1
v	24	1271.173150131	1271.21743101	1271.525701637	0	1271.788806223	1271.858222629	1271.6594578210002	[-5]	1
n	25	1273.588690646	1273.6497170110001	1273.958286702	0	1274.220916667	1274.2908050300002	1274.092058497	[5]	1
v	26	1276.021455562	1276.0893799189998	1276.4075131230002	0	1276.7009385800002	1276.740120172	1276.491372124	[-5]	1
n	27	1278.471009292	1278.569650421	1278.8900701920002	0	1279.1650297740002	1279.239290212	1279.0739688049998	[-5]	0
v	28	1280.769388701	1280.809651684	1281.1227392800001	0	1281.357022648	1281.4552896989999	1281.223214047	[-5]	1
n	29	1283.185795591	1283.249733989	1283.555324378	0	1283.797118977	1283.887919101	1283.6892087380002	[5]	1
v	30	1285.618927955	1285.92171981	1286.2378567169999	0	1286.4611614150003	1286.570417252	1286.3384210059999	[-5]	1
n	31	1288.300638112	1288.34700393	1288.6537840209999	0	1288.885462327	1289.0030252729998	1288.787557872	[-5]	0
v	32	1290.5329596450001	1290.5392984620003	1290.8531000980001	0	1291.085338037	1291.1856325859999	1291.020798654	[-5]	1
n	33	1292.9166268570002	1293.0656088760002	1293.385650406	0	1293.4773412960003	1293.71820466	1293.5024314500001	[5]	1
v	34	1295.448806155	1295.593910299	1295.901558425	0	1296.141331747	1296.2340942250003	1296.018779178	[-5]	1
n	35	1297.964986685	1298.114160446	1298.434110307	0	1298.63740908	1298.7833636220003	1298.584592323	[-5]	0
n	36	1300.3132632780002	1300.3621663029999	1300.683523956	0	1301.0934731470002	1301.0332150600002	1300.7338955589998	[5]	0
v	37	1302.5627034540003	1302.7222393890002	1303.032744277	0	1303.2695130370003	1303.365247483	1303.2164723720002	[-5]	1
n	38	1305.0957408190002	1305.186215441	1305.498583098	0	1305.7255656330003	1305.8311466260002	1305.599039843	[5]	1
v	39	1307.561657834	1307.89934254	1308.214424544	0	1308.5496434690003	1308.5650101790002	1308.298195586	[-5]	1
n	40	1310.294062329	1310.4996789440002	1310.8136371649998	0	1311.0056597930002	1311.1462190080001	1310.9474574199999	[5]	1
n	41	1312.876866302	1312.9063143940002	1313.2129079000001	0	1313.509736245	1313.5454656309998	1313.380035537	[5]	1
n	42	1315.2760324229998	1315.5152682849998	1315.828746151	0	1316.014169823	1316.1613475919999	1315.9792333780001	[5]	1
v	43	1317.8917088829999	1318.059735965	1318.3786262419999	0	1318.605848318	1318.727198602	1318.5617999830001	[5]	0
v	44	1320.257121099	1320.5068089340002	1320.8272485440002	0	1321.00589903	1321.1598375510002	1320.9777623109999	[-5]	1
n	45	1322.890428748	1322.9869756580001	1323.2931400799998	0	1323.5260150650001	1323.625702073	1323.34363265	[5]	1
v	46	1325.355848579	1325.555317969	1325.875710445	0	1326.078349761	1326.2250180320002	1325.9428646669999	[5]	0
n	47	1327.7549230250002	1327.906368558	1328.2250489110002	0	1328.4382361460002	1328.5742241460002	1328.325431316	[-5]	0
n	48	1330.104271133	1330.1387401900001	1330.4576860349998	0	1330.7021504520003	1330.790159409	1330.5247465820003	[5]	1
n	49	1332.520674458	1332.7559173650002	1333.0736327590002	0	1333.270213707	1333.406033923	1333.157389425	[5]	1
v	50	1335.1366579179999	1335.258662886	1335.572729178	0	1335.726266491	1335.905267917	1335.723149972	[-5]	1
n	51	1337.6357505320002	1337.684228916	1338.005359617	0	1338.126251993	1338.3545161289999	1338.1720720439998	[-5]	0
n	52	1339.884574578	1339.956075571	1340.271462965	0	1340.4623487090003	1340.6205327950001	1340.371834643	[-5]	0
v	53	1342.151180336	1342.2437651599998	1342.553914692	0	1342.7583900170002	1342.9031412190002	1342.6543797630002	[5]	0
v	54	1344.433457836	1344.4587897780002	1344.769901704	0	1345.0784356130002	1345.1190934229999	1344.887006028	[5]	0
n	55	1346.6489015900002	1346.7482231620002	1347.069230787	0	1347.238464989	1347.418412781	1347.203005925	[-5]	0
n	56	1348.9494154990002	1348.9958705039999	1349.3018297060003	0	1349.598523402	1349.6510411600002	1349.452259187	[-5]	0
v	57	1351.1811608450002	1351.227676389	1351.534476546	0	1351.774579506	1351.867038199	1351.651696689	[-5]	1
n	58	1353.597255536	1353.859766864	1354.1669897760003	0	1354.3908856450003	1354.499593861	1354.3507602099999	[5]	1
n	59	1356.2301153419999	1356.2365357970002	1356.5496054340001	0	1356.8386934720002	1356.8821484200002	1356.73342573	[5]	1
n	60	1358.614002328	1358.7884369550002	1359.098829981	0	1359.406744503	1359.4480375950002	1359.2159580789998	[-5]	0
n	61	1360.97817845	1361.276305031	1361.5980608220002	0	1361.870858497	1361.947324483	1361.7651997379999	[-5]	0
v	62	1363.477516247	1363.5405136580002	1363.847825411	0	1364.070864241	1364.1965770780002	1363.931200986	[5]	0
n	63	1365.7267578649999	1365.7479525950002	1366.0634143349998	0	1366.3109034080003	1366.4125787980001	1366.247126151	[-5]	0
v	64	1367.9429223790003	1367.9809192010002	1368.2960055990002	0	1368.79888062	1368.645759478	1368.4298272350002	[-5]	0
v	65	1370.175356917	1370.244767347	1370.561995958	0	1370.8629957490002	1370.894582946	1370.629185576	[-5]	1
n	66	1372.625312827	1372.8918030640002	1373.2113575409999	0	1373.6710927450004	1373.5609170080002	1373.361704383	[5]	0
v	67	1375.090293486	1375.195819002	1375.5104365319999	0	1375.7671233350002	1375.8596576240002	1375.6775571570001	[5]	0
n	68	1377.3907208370001	1377.5319718810001	1377.843169572	0	1378.0551546800002	1378.1923949440002	1377.8935429140001	[-5]	0
n	69	1379.7225114010002	1379.972532274	1380.2923282030001	0	1380.5192267780003	1380.6248444970001	1380.459475143	[5]	1
n	70	1382.3554970670002	1382.516978005	1382.8248713920002	0	1383.0312716030003	1383.1574193289998	1382.9253429780001	[5]	1
v	71	1384.887818282	1385.2362372490002	1385.557433993	0	1385.751342644	1385.8899606740001	1385.674478172	[-5]	1
n	72	1387.6206914200002	1387.964990263	1388.2732761460002	0	1388.4555545430003	1388.622418856	1388.340405892	[-5]	0
n	1	1499.855861609	1501.2395643260002	1501.5551300930001	0	1501.7059079280002	1501.88767238	1501.6388984700002	[5]	1
v	2	1503.618027132	1503.84692305	1504.154317394	0	1504.4739130860003	1504.488250631	1504.254793009	[-5]	1
n	3	1506.2172172290002	1506.3517248560001	1506.670210419	0	1506.8260428860003	1507.0194325030002	1506.787434967	[-5]	0
n	4	1508.550377038	1508.718490789	1509.036221928	0	1509.218198011	1509.3687858950002	1509.1700245279999	[5]	1
v	5	1511.0993115790002	1511.1188535239999	1511.435430818	0	1511.554153311	1511.767977432	1511.5358692569998	[-5]	1
n	6	1513.498570758	1513.5348089039999	1513.851342991	0	1514.138162094	1514.183901726	1514.0184579360002	[5]	1
v	7	1515.9147210360002	1516.0951624519998	1516.4006593600002	0	1516.490236998	1516.749795314	1516.5018828810003	[5]	0
v	8	1518.2800312670001	1518.3033311540003	1518.616584924	0	1518.842317442	1518.9657783420002	1518.7170471690001	[5]	0
n	9	1520.496545849	1520.7589908190002	1521.0658244390002	0	1521.306461088	1521.415080405	1521.1333137450001	[-5]	0
v	10	1522.9452545630002	1523.0228647960002	1523.3318037650001	0	1523.554472756	1523.6809963240003	1523.482234431	[5]	0
n	11	1525.2112281529999	1525.239064897	1525.547797223	0	1525.7384741360001	1525.8803795200001	1525.6482485020001	[5]	1
v	12	1527.6111946400001	1527.6789924270001	1527.9970478129999	0	1528.1786370640002	1528.329577394	1528.0808438499998	[-5]	1
n	13	1530.062412742	1530.1992080999999	1530.5130575829999	0	1530.7385903470004	1530.8454732270002	1530.646712408	[5]	1
v	14	1532.5761059810002	1532.8321360999998	1533.1456625770002	0	1533.650642874	1533.4952009490003	1533.329207484	[-5]	0
n	15	1535.024707432	1535.2640218269999	1535.5780353159998	0	1535.962559821	1535.927806712	1535.6451615700003	[5]	0
v	16	1537.457210509	1537.5119871440002	1537.8273362539999	0	1538.0428555060003	1538.1765376080002	1537.911261103	[5]	0
n	17	1539.706187793	1539.7756169049999	1540.093347181	0	1540.3233028140003	1540.4425367210001	1540.2606922720001	[-5]	0
v	18	1541.9741270549998	1541.9782078490002	1542.292635015	0	1542.474948256	1542.625170929	1542.393093228	[-5]	1
n	19	1544.3560427920002	1544.6080370200002	1544.9252297859998	0	1545.114886854	1545.2577602800002	1544.975650117	[5]	1
v	20	1546.988218079	1547.0807167490002	1547.3911004840002	0	1547.5469613230002	1547.7402745630002	1547.574497642	[5]	0
n	21	1549.270390665	1549.335731391	1549.6570521990002	0	1549.859008025	1550.0062920250002	1549.824117217	[-5]	0
v	22	1551.536159873	1551.7042013609998	1552.0230455800001	0	1552.235047056	1552.372188799	1552.190170626	[5]	0
n	23	1553.9027785500002	1554.223935608	1554.538867229	0	1554.707179308	1554.8880898380003	1554.606087137	[-5]	0
n	24	1556.417855398	1556.520934447	1556.838190383	0	1557.083224558	1557.1873835340002	1556.888628625	[-5]	0
v	25	1558.7181239810002	1558.722332451	1559.037564581	0	1559.283258165	1559.386709468	1559.1712503009999	[5]	0
n	26	1560.916836724	1561.0157053130001	1561.3368031610003	0	1561.5232926530002	1561.686054487	1561.454013173	[-5]	0
v	27	1563.216042909	1563.2479631790002	1563.56958713	0	1563.7876325300003	1563.918651501	1563.669974558	[5]	0
v	28	1565.449580294	1565.544062642	1565.852082547	0	1566.1314483220003	1566.2012899380002	1566.0359324300002	[5]	0
n	29	1567.7321043780003	1567.881402349	1568.2013912380003	0	1568.443392137	1568.550580949	1568.335109649	[-5]	0
n	30	1570.0806067889998	1570.4166060050002	1570.7339040289999	0	1571.01951625	1571.083123851	1570.8510362329998	[-5]	0
n	31	1572.6133338109998	1572.751913388	1573.066526601	0	1573.379583763	1573.3990965000003	1573.2504008770002	[5]	1
v	32	1575.129709841	1575.488812299	1575.7990305090002	0	1576.0516203010002	1576.1316295259999	1575.866144615	[-5]	1
n	33	1577.8621676510002	1578.0243349010002	1578.3316459530001	0	1578.563766537	1578.664138521	1578.398711035	[5]	1
n	34	1580.394456127	1580.4009512840003	1580.714189112	0	1581.0596857760002	1581.064834461	1580.86469404	[5]	1
[]	35	1582.7941068630003	1582.8970288310002	1583.213436336	0	0.0	1583.5631657	1583.2973508579998	[5]	0
n	36	1585.0947818270001	1585.793308023	1586.112519363	0	1586.2918435400002	1586.4450825180002	1586.2630705259999	[5]	1
n	37	1588.1757757650003	1588.2725464559999	1588.5784271890002	0	1588.867887806	1588.9276530880002	1588.745546274	[-5]	0
n	38	1590.4578597580003	1590.6009606799998	1590.911133953	0	1591.163989785	1591.243623277	1590.961615671	[5]	1
n	39	1592.9740102740002	1593.041348285	1593.3603136850002	0	1593.763931642	1593.710058819	1593.427580142	[5]	0
n	40	1595.240064786	1595.35361466	1595.6596322730002	0	1595.86804446	1596.0088793740001	1595.710087382	[-5]	0
v	41	1597.5389022919999	1597.6732596870002	1597.9925255950002	0	1598.3561839220001	1598.341977142	1598.0426885440002	[-5]	0
v	42	1599.87122662	1599.93014542	1600.2415851750002	0	1600.444138205	1600.5907496180002	1600.3253591540001	[5]	0
n	43	1602.1207185970002	1602.1691562290002	1602.490958804	0	1602.716685762	1602.8234138050002	1602.557995279	[5]	1
n	44	1604.5536808770003	1604.8579871010002	1605.173380327	0	1605.2922707000002	1605.522594645	1605.257155449	[-5]	0
v	45	1607.052376657	1607.081951003	1607.3893618920001	0	1607.588482222	1607.7219371330002	1607.539803101	[-5]	1
n	46	1609.4521989159998	1609.6729345950002	1609.9885466280002	0	1610.140684423	1610.3378061590001	1610.1564544490002	[-5]	0
n	47	1611.8678968499999	1611.969111287	1612.287870132	0	1612.5644019640004	1612.6370557670002	1612.42165144	[-5]	0
v	48	1614.1669511	1614.217541122	1614.5372636769998	0	1614.740491266	1614.869748697	1614.671063186	[-5]	1
v	49	1616.6002428689999	1616.7934131360003	1617.1031028420002	0	1617.3728643990003	1617.435624746	1617.236862572	[-5]	1
n	50	1619.166420956	1619.273476768	1619.585706378	0	1619.7965968130002	1619.9348336990001	1619.686142467	[-5]	0
v	51	1621.464789235	1621.4732857079998	1621.7849898519999	0	1621.996631504	1622.117535969	1621.9686941620002	[-5]	1
n	52	1623.8482682220001	1623.8572902629999	1624.167560026	0	1624.428708165	1624.5001046430002	1624.301355486	[5]	1
v	53	1626.230547999	1626.258018858	1626.566825077	0	1626.804739276	1626.8993680899998	1626.6173027590003	[-5]	1
v	54	1628.6295782820002	1628.801866531	1629.1160400560002	0	1629.412800957	1629.448641048	1629.299881671	[-5]	1
v	55	1631.1790303379998	1631.4334778080001	1631.748597332	0	1631.8688737010002	1632.081111259	1631.8323564480002	[-5]	1
n	56	1633.811538472	1633.90610888	1634.2144880810001	0	1634.4369341700003	1634.563691242	1634.364934662	[-5]	0
v	57	1636.093444609	1636.1460982130002	1636.463774675	0	1636.6689949820002	1636.7963845570002	1636.6142886500002	[-5]	1
v	58	1638.5269249860003	1638.673955627	1638.979677276	0	1639.173051444	1639.3122702330002	1639.0635138339999	[-5]	1
n	59	1641.0425195990001	1641.273643951	1641.578868856	0	1641.7730896080002	1641.928144675	1641.762707255	[-5]	0
v	60	1643.4582544290001	1643.561745044	1643.8781738829998	0	1644.117650951	1644.227390911	1643.995292692	[5]	0
n	61	1645.757526462	1645.9135592920002	1646.2274478550003	0	1646.413458855	1646.559975186	1646.277976679	[5]	1
v	62	1648.2904395790001	1648.489768857	1648.810020799	0	1648.981221691	1649.159217931	1648.9771570940002	[5]	0
n	63	1650.6892925729999	1650.8027130250002	1651.109319133	0	1651.2532931780001	1651.4585149570003	1651.176650245	[-5]	0
v	64	1652.988735384	1652.9952215819999	1653.30863563	0	1653.4937025530003	1653.657835083	1653.475728424	[5]	0
v	65	1655.187677071	1655.2592488200003	1655.574588345	0	1655.773502001	1655.923859221	1655.691707519	[5]	0
n	66	1657.453851099	1657.490119518	1657.8072984260002	0	1658.0056052730001	1658.1564502659999	1657.9244431440002	[-5]	0
v	67	1659.687120009	1659.8657879329999	1660.1731976750002	0	1660.39746234	1660.522416577	1660.290377716	[5]	0
n	68	1662.052601149	1662.161918701	1662.4724964319998	0	1662.6775585180003	1662.8217021700002	1662.6229559610001	[-5]	0
n	69	1664.3517227749999	1664.467408903	1664.7884524229999	0	1665.0377864030002	1665.121005034	1664.972254532	[5]	1
v	70	1666.8516842110002	1666.9462449450002	1667.2543376550002	0	1667.4616782020003	1667.6036189370002	1667.3048538849998	[5]	0
n	71	1669.133466582	1669.154767435	1669.4703271060002	0	1669.709801339	1669.8029016209998	1669.6208097120002	[5]	1
n	72	1671.5330556039999	1671.730595686	1672.0362049720002	0	1672.3178077380003	1672.3687711040002	1672.153344976	[5]	1
n	1	1678.315613883	1678.8905302900002	1679.200729189	0	1679.3739516730002	1679.549937274	1679.33444684	[-5]	0
v	2	1681.0800026870002	1681.3236809129999	1681.6333413420002	0	1681.8054088030003	1681.982487531	1681.7337165170002	[5]	0
n	3	1683.512918196	1683.5549682199999	1683.865918724	0	1684.0860354810002	1684.1984822529998	1683.983087527	[5]	1
v	4	1685.9292212250002	1685.9880050330003	1686.2985678589998	0	1686.502091539	1686.6311121180001	1686.4156257690001	[-5]	1
n	5	1688.3614423090003	1688.62787605	1688.947702861	0	1689.142161107	1689.2802299290001	1689.0481397899998	[5]	1
v	6	1691.0107183750001	1691.155686171	1691.463639913	0	1691.6784918000003	1691.8128119020002	1691.5473507840002	[5]	0
v	7	1693.343246463	1693.3709482909999	1693.6795929149998	0	1693.894459445	1694.012127818	1693.830229139	[-5]	1
n	8	1695.742511197	1696.1558764870001	1696.4620929090001	0	1696.6543219710002	1696.794628994	1696.645939516	[5]	1
n	9	1698.5247500700002	1698.77901711	1699.094587091	0	1699.326547264	1699.4438009700002	1699.245040661	[-5]	0
v	10	1700.9738670870001	1701.0917522989998	1701.410563383	0	1701.6384302800002	1701.759739863	1701.4778060859999	[5]	0
v	11	1703.289766881	1703.3470610289996	1703.65990693	0	1703.8304780970002	1703.9924660770002	1703.7436714269998	[-5]	1
n	12	1705.722631171	1705.9642737309996	1706.2758428489997	0	1706.4545177440004	1706.6083255100002	1706.4261858500004	[5]	1
v	13	1708.3386358930002	1708.3471873790004	1708.6585974259997	0	1708.854673027	1708.990932754	1708.7587910920001	[-5]	1
n	14	1710.7219861639996	1710.8438387329998	1711.157574197	0	1711.31867229	1711.490071405	1711.2747253329999	[5]	1
v	15	1713.2205724530004	1713.4284457439999	1713.7401436660002	0	1713.9666865240006	1714.0726420820001	1713.873998811	[-5]	1
v	16	1715.8026366470003	1716.0925134079998	1716.4059750750002	0	1716.5909606860005	1716.7386001699997	1716.5731155619997	[-5]	1
n	17	1718.4692359720002	1718.6919174900004	1719.0051964679997	0	1719.3028002379997	1719.354380574	1719.13892484	[-5]	0
v	18	1720.8844851140002	1721.0358901	1721.3544260620001	0	1721.5988997929999	1721.6870017820002	1721.538260405	[-5]	1
v	19	1723.4174112500004	1723.6607714130005	1723.9702933259996	0	1724.254947421	1724.3195393590004	1724.1209466569999	[5]	0
n	20	1725.8496650030002	1725.915729192	1726.2363301650003	0	1726.56701815	1726.570573307	1726.3700727900004	[5]	1
n	21	1728.299458984	1728.3645613770004	1728.6855054850002	0	1729.0550292810003	1729.0352797880005	1728.769322903	[5]	0
v	22	1730.56561478	1730.81990392	1731.1347710420005	0	1731.3431716060004	1731.4673091989998	1731.185233401	[-5]	1
n	23	1733.1976973350002	1733.3805060920004	1733.7006233089996	0	1733.9832259260002	1734.0497598909997	1733.767788614	[-5]	0
v	24	1735.5803269710004	1735.6203907070003	1735.9331545679997	0	1736.127114721	1736.2657373809998	1736.0502911169997	[-5]	1
v	25	1737.9962455349996	1738.076193815	1738.3823029989999	0	1738.6950960960003	1738.7315130899997	1738.5494279880004	[5]	0
n	26	1740.2621598200003	1740.524635633	1740.8314769620001	0	1740.9589985379998	1741.1640132720004	1741.0149621709998	[5]	1
v	27	1742.8954521880005	1742.9166767790002	1743.2307394480003	0	1743.3993588960002	1743.5632562	1743.4152216599996	[-5]	1
v	28	1745.2938733050005	1745.4600129440005	1745.7797718929996	0	1745.9109891999997	1746.112302038	1745.8969328530002	[-5]	1
n	29	1747.8429248900002	1748.0996602000005	1748.4122347889997	0	1748.5749240080004	1748.744779095	1748.5126619789999	[5]	1
v	30	1750.4752917260003	1750.7082905409998	1751.02802126	0	1751.2309347350001	1751.3772839880003	1751.0951351370004	[5]	0
v	31	1752.9072070459997	1752.9809332269997	1753.2939168989997	0	1753.470864803	1753.6264637630002	1753.4443724330004	[-5]	1
n	32	1755.3571584170004	1756.0684751070003	1756.3762035669997	0	1756.6948378839998	1756.7254078180003	1756.4766388380003	[-5]	0
v	33	1758.255416551	1758.547517772	1758.858688327	0	1759.0948727599998	1759.1912249509996	1759.0259392400003	[-5]	1
v	34	1760.9217753140001	1761.100273649	1761.4078205980004	0	1761.710704184	1761.7570260479997	1761.5916091509998	[5]	0
n	35	1763.28680807	1763.2997653029997	1763.6071428779996	0	1763.7187920590004	1763.9401322370004	1763.740575457	[5]	1
v	36	1765.670222975	1765.9473357750003	1766.2562828190003	0	1766.4549390840002	1766.6054184980003	1766.30664592	[5]	0
v	37	1768.1356388719996	1768.3479571019998	1768.6553727299997	0	1768.8787345460005	1769.0045711029998	1768.8224596720002	[5]	0
v	38	1770.5350961020004	1770.6442269939998	1770.9545872850003	0	1771.1829213990004	1771.3038029549998	1771.038363357	[5]	0
n	39	1772.8338644920004	1772.8995044559997	1773.2205158550005	0	1773.3906655370001	1773.5696862410005	1773.2876151239998	[-5]	0
v	40	1775.0999641669996	1775.1647928029997	1775.486381451	0	1775.7985937020003	1775.835611728	1775.5868819779998	[5]	0
n	41	1777.366567614	1777.5557156220002	1777.8689206259996	0	1778.0546888730005	1778.2181001540002	1777.919386083	[-5]	0
v	42	1779.748328437	1779.7554147319997	1780.0681777680002	0	1780.334620574	1780.4006980269996	1780.2186013460005	[-5]	1
n	43	1782.1312753390002	1782.3474302109998	1782.6673108390005	0	1782.8785949419998	1782.9998403649997	1782.817794785	[5]	1
v	44	1784.7305902609996	1784.7648629470004	1785.0831669529998	0	1785.3265657789998	1785.4323523209996	1785.1336370150002	[5]	0
v	45	1786.962193636	1787.2038594699998	1787.515652694	0	1787.798620177	1787.8482002600003	1787.6994871630004	[-5]	1
n	46	1789.5815265560004	1789.7955966600002	1790.1147836050004	0	1790.326602831	1790.447322514	1790.2986209419996	[5]	1
v	47	1792.1781169839996	1792.2203122310002	1792.5306424010005	0	1792.9265086200003	1792.8803548180003	1792.5811279629997	[-5]	0
n	48	1794.4100542679998	1794.5471827970005	1794.8631940169998	0	1795.1824475869998	1795.1971645639996	1794.9303829789997	[5]	1
v	49	1796.9260735220005	1796.9640779299998	1797.279118892	0	1797.494574593	1797.6282464630003	1797.412806843	[5]	0
n	50	1799.15820884	1799.355590184	1799.6616282280002	0	1799.9824119269997	1799.995493808	1799.712025422	[5]	1
v	51	1801.7248822990005	1801.8030948550004	1802.1107359079997	0	1802.2544274849997	1802.4432822099998	1802.294164467	[-5]	1
n	52	1804.1735488780005	1804.4590410640003	1804.7765050099997	0	1804.942546839	1805.125708603	1804.8769891700003	[-5]	0
v	53	1806.655673196	1806.7881208549998	1807.1091382129998	0	1807.2064112280004	1807.4415863539998	1807.2425212999997	[-5]	1
n	54	1809.1725263090002	1809.3869702969996	1809.7082116069996	0	1809.8703941310005	1810.0407232090001	1809.7586505099998	[5]	1
v	55	1811.7712225630003	1811.9162007630002	1812.2240294680005	0	1812.4383372849998	1812.5732082020004	1812.3910986600004	[5]	0
n	56	1814.103263121	1814.1310235	1814.4399949569997	0	1814.7262153640004	1814.7724723299998	1814.5570785420005	[5]	1
n	57	1816.5034574210003	1816.715643912	1817.0223853859998	0	1817.3502609460002	1817.371600165	1817.106239787	[-5]	0
v	58	1818.901702055	1819.099046853	1819.4049501950003	0	1819.614379449	1819.7374693379998	1819.4553881860002	[-5]	1
n	59	1821.4681109599996	1821.6194283269997	1821.9374822689997	0	1822.0864173910004	1822.2866793049998	1822.1041656799998	[-5]	0
v	60	1823.8165914479996	1823.8509149669999	1824.1699991200003	0	1824.3822837650005	1824.5026007699998	1824.28709764	[-5]	1
n	61	1826.2333184170002	1826.2588655339996	1826.569195862	0	1826.7582581060005	1826.9184550420005	1826.6363329960004	[-5]	0
v	62	1828.448270842	1828.5388991	1828.851766656	0	1829.0862320790002	1829.1842805369997	1828.919453255	[-5]	1
v	63	1830.9148137319999	1831.0598383079996	1831.367592398	0	1831.5342731270002	1831.7168015460002	1831.536670933	[5]	0
n	64	1833.2471032539997	1833.308099246	1833.6168166200005	0	1833.8702138090002	1833.96602635	1833.7839316360005	[-5]	0
v	65	1835.4963650850004	1835.578883649	1835.8993890259999	0	1836.158224103	1836.2485912760003	1836.0498673230004	[5]	0
v	66	1837.7785694209997	1837.787240795	1838.098648493	0	1838.3261685570005	1838.4311820960002	1838.182524752	[-5]	1
n	67	1840.1617137550002	1840.291780865	1840.5978716529999	0	1840.80620104	1840.930366943	1840.714964842	[5]	1
n	68	1842.6605508450002	1842.7867704540004	1843.097012223	0	1843.3421566940006	1843.4461843099998	1843.1974387740001	[-5]	0
v	69	1844.9760976770003	1845.1548478160003	1845.4628521269997	0	1845.7021781169997	1845.8120614360005	1845.530059609	[5]	0
v	70	1847.3420944509999	1847.4831096690004	1847.795452294	0	1848.0381953200003	1848.1446620899997	1847.9292163219998	[5]	0
n	71	1849.674746875	1849.746967176	1850.0613517150005	0	1850.3262739430002	1850.3938703760005	1850.145184817	[5]	1
n	72	1852.124335165	1852.2189871279998	1852.5271771650005	0	1852.726271644	1852.876395587	1852.6109605270003	[-5]	0
n	1	1935.907501527	1936.9630417520002	1937.2823908350001	0	1937.397953013	1937.6315370230004	1937.3661504029997	[-5]	0
v	2	1939.1617812639997	1939.1701887830004	1939.4816374020002	0	1939.7018210710003	1939.8308490749996	1939.5987401000002	[5]	0
n	3	1941.3605646570004	1941.7704561259998	1942.0807991330003	0	1942.2538045010006	1942.413321526	1942.1652262030002	[5]	1
v	4	1944.145304822	1944.2669990410004	1944.580204942	0	1944.7498336870003	1944.9291580489999	1944.630436589	[5]	0
n	5	1946.4591669780002	1946.5627292469999	1946.8791999189998	0	1947.069911382	1947.2117275179999	1946.9963738610004	[5]	1
n	6	1948.942765676	1949.05841461	1949.3783964650002	0	1949.5898200270003	1949.710940123	1949.5122055419997	[5]	1
v	7	1951.44159787	1951.6665600019996	1951.9775083900004	0	1952.1017883510003	1952.3100418989998	1952.112075817	[-5]	1
v	8	1954.041562427	1954.0457060959998	1954.3600756200003	0	1954.5738198010004	1954.7092506870003	1954.5271443210004	[5]	0
n	9	1956.239234703	1956.3150242390002	1956.6259572850004	0	1956.7978107449999	1956.9751663590005	1956.7598220290001	[-5]	0
n	10	1958.505923226	1958.510101201	1958.825248131	0	1959.0778657350002	1959.1745169639998	1959.009026613	[-5]	0
v	11	1960.7045219339998	1960.7551792599997	1961.0749643990002	0	1961.2457980300005	1961.407115852	1961.208312363	[-5]	1
n	12	1963.1377090140004	1963.202904025	1963.523717174	0	1963.6538070380002	1963.8728890149996	1963.574163538	[-5]	0
v	13	1965.404038226	1965.5705179039996	1965.8896022870003	0	1966.1098071400002	1966.2387729439997	1966.0400219100002	[5]	0
v	14	1967.7695411490004	1967.971361336	1968.2889051109996	0	1968.517815538	1968.621386408	1968.4725577320005	[-5]	1
n	15	1970.3519309909998	1970.4744525389997	1970.787967368	0	1970.9418622450003	1971.1204998109997	1970.9051240460003	[5]	1
v	16	1972.8514172739997	1972.9461965379996	1973.2538804180003	0	1973.4858960840002	1973.586350056	1973.3209831430004	[-5]	1
n	17	1975.317695492	1975.4419449400002	1975.7530652880005	0	1975.941827087	1976.0855367080003	1975.8201304040003	[5]	1
v	18	1977.8167252619996	1977.8208785710003	1978.1355533329997	0	1978.3418010350006	1978.4848164960003	1978.2193521540003	[5]	0
n	19	1980.014875721	1980.067407822	1980.384877122	0	1980.5659045190005	1980.7340661549997	1980.5519094090005	[-5]	0
v	20	1982.2638976050002	1982.4990085500003	1982.8174174530004	0	1983.0378552920001	1983.1498828470003	1982.9178825099998	[-5]	1
n	21	1984.880326216	1985.114053149	1985.4332849149996	0	1985.757802735	1985.7670635940003	1985.5337007300004	[5]	1
v	22	1987.4962763430003	1987.5155037200002	1987.8323588049998	0	1988.0537982300002	1988.1815865859999	1987.8828366979997	[5]	0
n	23	1989.711494698	1989.724219359	1990.0316723980004	0	1990.2139238589998	1990.3808277990001	1990.0821015090005	[-5]	0
v	24	1991.910198603	1991.963050534	1992.2809922679999	0	1992.4057994730001	1992.6134304770003	1992.3980070449998	[-5]	1
v	25	1994.3434913410001	1994.595501443	1994.9134087929997	0	1995.1178076140004	1995.2458994469998	1995.0304950480004	[-5]	1
n	26	1996.9767830680003	1997.2748346199996	1997.5958662410003	0	1997.8138234670005	1997.9283674910002	1997.7629376969999	[5]	1
[]	27	1999.6588714709997	1999.7555187790003	2000.0616633910004	0	0.0	2000.4116180680003	2000.2454911229997	[-5]	0
v	28	2001.9413548510001	2002.306667629	2002.627555047	0	2002.797817781	2002.9600153430001	2002.7779475300003	[-5]	1
n	29	2004.690568895	2005.0183995759999	2005.3266003899998	0	2005.5420356200002	2005.6591684450004	2005.4937373129997	[5]	1
v	30	2007.3900242359996	2007.3948305229997	2007.709177025	0	2007.965825759	2008.058420405	2007.80969172	[5]	0
n	31	2009.5885726790002	2009.6663002710002	2009.9751617929996	0	2010.1098393009997	2010.30762529	2010.0756404630001	[5]	1
v	32	2012.0380873920003	2012.139049632	2012.4576286339998	0	2012.7418010430001	2012.806795378	2012.508071788	[5]	0
v	33	2014.3369140430004	2014.4587206739998	2014.773516069	0	2014.901855858	2015.1227094180003	2014.9081209699998	[5]	0
n	34	2016.6529747220002	2016.795747958	2017.106216878	0	2017.4937725979999	2017.455788358	2017.1565731800001	[-5]	0
n	35	2018.9853707190005	2019.1472142829998	2019.4553278559997	0	2019.6539405140002	2019.8045651700004	2019.539152026	[-5]	0
v	36	2021.3347547940002	2021.6034127780003	2021.921202339	0	2022.1578421189997	2022.253726541	2021.988404193	[-5]	1
v	37	2023.9848988679996	2024.0905236580002	2024.4036897360002	0	2024.8137839830006	2024.7534417039997	2024.5874648059998	[5]	0
n	38	2026.2830991179999	2026.5146467169998	2026.836294369	0	2026.9818257160005	2027.1687808830002	2026.9533856799999	[5]	1
v	39	2028.899689426	2028.9628074769998	2029.2688002060004	0	2029.4702026060004	2029.6179745270001	2029.4525353640001	[5]	0
n	40	2031.1477085120005	2031.4270647060002	2031.7346439800003	0	2031.853844065	2032.0671702270001	2031.918037042	[5]	1
v	41	2033.7977549389998	2034.051879992	2034.3671804920004	0	2034.5418552090005	2034.7163736080001	2034.5516776410004	[5]	0
n	42	2036.2466463	2036.4186390390005	2036.7330779089998	0	2037.0138837659997	2037.0822264239996	2036.9001049879998	[-5]	0
v	43	2038.6125295600004	2038.658753791	2038.965628946	0	2039.1182407699998	2039.3149154849998	2039.1160709510004	[5]	0
n	44	2040.8452893889998	2040.8998859029998	2041.2148711290001	0	2041.437872773	2041.547422269	2041.2820927479997	[5]	1
v	45	2043.277952036	2043.3390310430004	2043.6474110870004	0	2043.8300587470003	2043.9799931819998	2043.7312193959997	[-5]	1
v	46	2045.7106109360002	2045.8029874840004	2046.1133287250004	0	2046.2139053640003	2046.4458153100004	2046.280045308	[-5]	1
n	47	2048.1763088790003	2048.226553079	2048.545834325	0	2048.757886192	2048.8783584290004	2048.62964085	[5]	1
n	48	2050.609302209	2050.8907323290005	2051.2116489259997	0	2051.4379097	2051.544159452	2051.3620773760003	[5]	1
n	49	2053.274807256	2053.3862708320003	2053.6941276139996	0	2053.813871921	2054.043343374	2053.8442205459996	[-5]	0
v	50	2055.5741746129997	2055.5870114380004	2055.8934340200003	0	2056.1260956550004	2056.225971314	2055.960562554	[-5]	1
n	51	2057.9565503470003	2058.0994492259997	2058.409283213	0	2058.565948341	2058.741810341	2058.4598185799996	[5]	1
v	52	2060.4723006249997	2060.619333793	2060.92512832	0	2061.1019677410004	2061.274366697	2061.0923254810004	[5]	0
n	53	2062.804398698	2063.522551409	2063.84092952	0	2063.982004548	2064.173363973	2063.9746002150005	[5]	1
v	54	2065.9036495709997	2067.355524931	2067.672927484	0	2067.909969251	2068.0054567859997	2067.823395962	[-5]	1
n	55	2069.736084039	2069.9630056550004	2070.272216306	0	2070.470270691	2070.6212556190003	2070.439163565	[-5]	0
v	56	2072.151412915	2072.3865482339997	2072.704600549	0	2072.8540871140003	2073.037161208	2072.821762447	[-5]	1
n	57	2074.767790355	2075.0113065550004	2075.320417377	0	2075.517977957	2075.65297888	2075.420893914	[5]	1
v	58	2077.3834531330003	2077.6026405390003	2077.9195866420005	0	2078.038346288	2078.2521473039997	2077.9701694020005	[-5]	1
n	59	2079.983250765	2080.002666173	2080.318796413	0	2080.446064179	2080.6513329890004	2080.453531948	[5]	1
v	60	2082.3816208360004	2082.5709033470002	2082.884612512	0	2083.0541501959997	2083.2338709429996	2082.9517796709997	[5]	0
n	61	2084.7640423430003	2084.818931242	2085.133892172	0	2085.270020991	2085.483080109	2085.234374492	[-5]	0
v	62	2087.01398298	2087.114980307	2087.433164242	0	2087.6620412600005	2087.782341626	2087.5835742890004	[5]	0
v	63	2089.3128318930003	2089.4915729040003	2089.7990193120004	0	2090.022024418	2090.131557433	2089.949547964	[-5]	1
n	64	2091.861763502	2092.1707085199996	2092.481517213	0	2092.6463379960005	2092.8306873359998	2092.5488421649998	[-5]	0
v	65	2094.3610417870004	2094.499674785	2094.8140823189997	0	2095.030176784	2095.146605207	2094.897899978	[-5]	1
v	66	2096.8769688740003	2097.1067513750004	2097.4133022940005	0	2097.646113783	2097.762426548	2097.4804189160004	[5]	0
n	67	2099.2926726799997	2099.3076363769997	2099.6291880219997	0	2099.8700468220004	2099.978395995	2099.7629756200004	[-5]	0
v	68	2101.508409915	2101.6115420730002	2101.928444655	0	2102.11808097	2102.261017686	2102.028905172	[-5]	1
n	69	2103.991797998	2104.283680515	2104.5942479860005	0	2104.766075652	2104.943429592	2104.778837998	[-5]	0
n	70	2106.47347646	2106.5388427650005	2106.860168794	0	2107.1180976900005	2107.2093706690002	2106.9606608639997	[-5]	0
v	71	2108.739490516	2108.7949452680004	2109.109453332	0	2109.350122434	2109.458676618	2109.193267029	[5]	0
n	72	2110.9886909630004	2111.0518892600003	2111.3587452519996	0	2111.6860625970003	2111.7079213429997	2111.4758241440004	[-5]	0
n	1	2117.5640485390004	2118.0828881300004	2118.3898232740003	0	2118.5422336310003	2118.722307688	2118.557652877	[5]	1
n	2	2120.452834263	2120.7636007250003	2121.072208259	0	2121.2704699779997	2121.4047863060005	2121.1393692780002	[5]	1
n	3	2123.1353371329997	2123.4042159910005	2123.721435032	0	2123.9261755059997	2124.05422342	2123.8385767150003	[5]	1
v	4	2125.7853734170003	2125.827753681	2126.137335591	0	2126.318180372	2126.4864724259996	2126.2711160830004	[5]	0
v	5	2128.0170871010005	2128.090505592	2128.4031597330004	0	2128.606181823	2128.752367846	2128.503646411	[5]	0
n	6	2130.2822403850005	2130.3715020050004	2130.6858747280003	0	2130.950562133	2131.0349731389997	2130.7702326030003	[-5]	0
n	7	2132.5648347919996	2132.588226813	2132.901730529	0	2133.246218397	2133.2524444520004	2133.0860546780004	[5]	1
v	8	2134.9816391289996	2135.0595690070004	2135.3675897860003	0	2135.662232676	2135.700304328	2135.4847007500002	[-5]	1
n	9	2137.4302983320003	2137.4998283779996	2137.81693937	0	2138.054240777	2138.149338524	2137.917348729	[5]	1
n	10	2139.879823167	2140.058900082	2140.366003481	0	2140.558267626	2140.715190144	2140.4498852320003	[-5]	0
v	11	2142.2456356949997	2142.4114166319996	2142.7318737240003	0	2143.1504660749997	2143.0816344940004	2142.915630679	[-5]	0
n	12	2144.612281408	2144.78854763	2145.0977750600005	0	2145.206280442	2145.4303164840003	2145.2812612220005	[5]	1
v	13	2147.160869192	2147.2513528179998	2147.5636509200003	0	2147.790324339	2147.8961863780005	2147.7140738360004	[-5]	1
n	14	2149.6265495380003	2149.7631081199997	2150.079483988	0	2150.3743116960004	2150.412033941	2150.246625967	[5]	1
n	15	2152.1428832150004	2152.155690519	2152.462113427	0	2152.7263160439998	2152.8113137460005	2152.529270209	[-5]	0
v	16	2154.3409706190005	2154.427150294	2154.7446627589998	0	2154.989483399	2155.09385396	2154.928499965	[5]	0
n	17	2156.6241300270003	2156.6998265720003	2157.0105986380004	0	2157.318359287	2157.343124766	2157.161044816	[5]	1
n	18	2159.0735897840004	2159.115571102	2159.426466434	0	2159.6383696760004	2159.7589855080005	2159.5769467030004	[5]	1
v	19	2161.490385956	2161.5562396409996	2161.8757103959997	0	2162.046381741	2162.20820345	2161.9428192490004	[-5]	1
n	20	2163.9390081889997	2164.155296303	2164.474904832	0	2164.6704557499997	2164.824042651	2164.6585859590004	[-5]	0
v	21	2166.3542070639996	2166.46781817	2166.7740870469997	0	2166.9183869480003	2167.123369741	2166.857905985	[5]	0
n	22	2168.6538431589997	2168.700132268	2169.0067661579997	0	2169.142480345	2169.355914203	2169.1901532809998	[-5]	0
v	23	2170.886125964	2171.140321615	2171.455892962	0	2171.6304456630005	2171.788475137	2171.5231301880003	[-5]	1
n	24	2173.518920087	2173.5950725250004	2173.905205074	0	2174.4545443819998	2174.254896216	2173.972270145	[5]	0
n	25	2175.7843601699997	2175.955286755	2176.271099494	0	2176.438437168	2176.603580385	2176.321631068	[5]	1
n	26	2178.3343266310003	2178.347052673	2178.6536525090005	0	2178.83878801	2179.002867567	2178.820706063	[-5]	0
v	27	2180.5330223970004	2180.7390128240004	2181.052831563	0	2181.2225193189997	2181.385412294	2181.2199105259997	[-5]	1
n	28	2183.1162063780002	2183.2128268710003	2183.518717072	0	2183.694510958	2183.867913467	2183.6691513160004	[-5]	0
v	29	2185.3979552500005	2185.4192084019996	2185.734645843	0	2185.894517439	2186.08385859	2185.835109658	[5]	0
n	30	2187.614094347	2187.7168538759997	2188.033892785	0	2188.078540277	2188.3664570729998	2188.1006835959997	[5]	1
v	31	2190.0967126900005	2190.139284525	2190.449855121	0	2190.582666771	2190.7824862899997	2190.516954871	[-5]	1
n	32	2192.51271695	2192.72328646	2193.032286287	0	2193.2225724360005	2193.3648377170002	2193.1494927530002	[5]	1
v	33	2195.095611158	2195.267707948	2195.5815153599997	0	2195.766973195	2195.9140480260003	2195.7152245409998	[-5]	1
n	34	2197.6458112379996	2197.7801818030002	2198.097318733	0	2198.1905924560006	2198.4465625390003	2198.1477787290005	[-5]	0
n	35	2199.976701533	2200.4033049170002	2200.7131774150002	0	2200.854634274	2201.0623507259997	2200.864380508	[-5]	0
v	36	2202.5936212300003	2202.8603124090005	2203.1790701970003	0	2203.358674684	2203.5116111139996	2203.329504552	[-5]	1
n	37	2205.2426990269996	2205.675271522	2205.994786608	0	2206.230697281	2206.3273764060004	2206.061922717	[5]	1
n	38	2208.0575688790004	2208.5153450919997	2208.8272099670003	0	2209.0227181360005	2209.176422492	2208.8776934569996	[-5]	0
v	39	2210.7067828810004	2210.851675312	2211.159865255	0	2211.3906825780005	2211.492349272	2211.2935873630004	[-5]	1
n	40	2213.222468555	2213.268826318	2213.5757009050003	0	2213.8227234389997	2213.924889449	2213.6594736590005	[-5]	0
v	41	2215.454985169	2215.61949016	2215.9249338649997	0	2216.1987252540002	2216.274150677	2216.058696481	[5]	0
v	42	2217.8043411259996	2217.827781758	2218.1408939499997	0	2218.3107211060005	2218.4900820559997	2218.224655428	[5]	0
n	43	2220.0202343290002	2220.1156553849996	2220.4234773079997	0	2220.6467825199998	2220.7560137689998	2220.607421543	[5]	1
v	44	2222.486303269	2222.979866367	2223.289249638	0	2223.486781992	2223.6384845069997	2223.456317555	[5]	0
n	45	2225.1683480789998	2225.491791067	2225.8050891230005	0	2226.1268113710003	2226.154296418	2225.938845887	[-5]	0
v	46	2227.6843843610004	2227.747740736	2228.054463151	0	2228.2628347910004	2228.3868910950005	2228.104840143	[-5]	1
n	47	2230.1181543290004	2230.1329056880004	2230.453606884	0	2230.6948379390005	2230.7861082030004	2230.604027251	[5]	1
v	48	2232.516580447	2232.5714373500005	2232.8862011540004	0	2233.2387173180005	2233.235877268	2233.0199123149996	[-5]	0
v	49	2234.7649751010003	2234.8197816350003	2235.1354095939996	0	2235.342858262	2235.4846457169997	2235.269208826	[5]	0
n	50	2237.0145379020005	2237.2203352960005	2237.5346358690003	0	2237.7988735320005	2237.867179901	2237.618530693	[5]	1
v	51	2239.5977619650002	2239.652650471	2239.967225562	0	2240.3029260499998	2240.3178179980005	2240.084392248	[-5]	1
n	52	2242.0473006889997	2242.307660396	2242.6163294	0	2242.774932509	2242.9655516189996	2242.7842601660004	[-5]	0
v	53	2244.495426183	2244.5880284980003	2244.898927356	0	2245.1513162680003	2245.2481265220003	2245.032786148	[5]	0
n	54	2246.7782661479996	2246.8768808779996	2247.198198786	0	2247.358975024	2247.5474181749996	2247.2821137230003	[-5]	0
n	55	2249.077721111	2249.1324969710004	2249.4474778510003	0	2249.6791173270003	2249.796696947	2249.54794349	[-5]	0
v	56	2251.327181097	2251.467883186	2251.780064195	0	2252.031306508	2252.1125915029997	2251.8805143709997	[-5]	1
n	57	2253.843172379	2254.091745402	2254.4126127950003	0	2254.56702786	2254.7617544180002	2254.5297044970002	[-5]	0
v	58	2256.2918455340005	2256.397052769	2256.711813281	0	2256.935012782	2257.0443595690003	2256.8122667879998	[-5]	1
v	59	2258.774966905	2259.0437865100002	2259.361081887	0	2259.543163765	2259.7101636879997	2259.4780653300004	[5]	0
n	60	2261.2402817310003	2261.33295592	2261.643559778	0	2261.839056336	2261.992782421	2261.760737322	[-5]	0
v	61	2263.5228169600005	2263.715943329	2264.026157309	0	2264.247126028	2264.3753799839997	2264.126574094	[5]	0
n	62	2265.905323666	2266.15571843	2266.475381798	0	2266.679140493	2266.8245559220004	2266.575831602	[-5]	0
v	63	2268.354363527	2268.5329900409997	2268.84126165	0	2269.1351477690005	2269.190983069	2268.89179384	[5]	0
n	64	2270.720836378	2270.748362358	2271.057417367	0	2271.2951644840005	2271.3897362019998	2271.107835381	[5]	1
v	65	2273.120330232	2273.3078038840004	2273.623164109	0	2273.959231813	2273.973653813	2273.773511986	[5]	0
n	66	2275.5022986599997	2275.59695105	2275.9056843939998	0	2276.047202078	2276.254828182	2276.0723970159997	[-5]	0
v	67	2277.7850498300004	2277.8209721290004	2278.1382367759998	0	2278.3591886040003	2278.4708000339997	2278.188734839	[-5]	1
n	68	2280.2012629910005	2280.3000553399997	2280.620803447	0	2280.823287346	2280.9533881979996	2280.787913682	[5]	1
v	69	2282.684115694	2282.7156894259997	2283.036674111	0	2283.255261776	2283.3859616910004	2283.153856881	[5]	0
n	70	2284.916005289	2285.0279388259996	2285.336009713	0	2285.5432976720003	2285.668546015	2285.419744742	[5]	1
n	71	2287.3991182930004	2287.588001899	2287.901818157	0	2288.0553159660003	2288.2510031849997	2288.0852436920004	[-5]	0
n	72	2289.7809586430003	2290.0439910779996	2290.3510033479997	0	2290.5193452370004	2290.6835599280002	2290.4015410250004	[5]	1
