response	trial_nr	t_start	t_set	t_ball	t_release	t_response	t_goal	t_change	new_pos	correct
v	1	16.87730933537614	17.83463840904733	18.42975416626632	0	18.721416299704288	19.020669377808417	18.646909897638352	[5]	0
n	2	20.80444349748791	21.132382463132217	21.727808170701792	0	22.085917911856768	22.318492664234782	21.84409948954658	[5]	1
[]	3	24.10517498031504	24.53090184467669	25.12997470312507	0	0.0	25.71974084045405	25.130382359678606	[-5]	na
n	4	27.525997239594517	28.030363639498546	28.630464465731848	0	29.19571258924975	29.22316548392905	29.04444318548485	[-5]	0
v	5	31.025510350699506	31.330915310069486	31.922028397199483	0	32.38569614340713	32.51463047760262	32.03960221259399	[5]	0
[]	6	34.27270540266045	34.72620915531752	35.32023413362094	0	0.0	35.91585196935466	35.32056871578743	[5]	na
v	7	37.746861701385114	38.276290563469274	38.88193929571071	0	39.3068172687199	39.487200487381415	38.98788278868278	[5]	0
[]	8	41.27113553492495	41.978780922165924	42.58315701058427	0	0.0	43.18655644750106	42.58355850918406	[5]	na
[]	9	44.9465518331408	46.65880049624889	47.2718404153909	0	0.0	47.873526298979414	47.27220455573638	[-5]	na
v	10	49.657170280564515	50.7119953659344	51.29989359055526	0	51.71650676825902	51.898537034345736	51.825170349533664	[-5]	1
n	11	53.68196179276924	54.085265904558355	54.689430569889964	0	55.02037552337515	55.2965777376005	54.99850525930333	[-5]	0
v	12	57.08046885840554	57.609701487022676	58.2074286272607	0	58.57432494768864	58.795740666389065	58.72181155511316	[-5]	1
[]	13	60.55496918149288	60.75627187613145	61.34888955668475	0	0.0	61.94510348236395	61.3492417916525	[5]	na
n	14	63.72639758870946	64.15496655409925	64.75688767152974	0	65.27837532139438	65.36405043939044	64.9680406293594	[-5]	0
v	15	67.09963651650287	67.45280872491753	68.05535425888206	0	68.46104076303868	68.66475811146233	68.16196568459623	[-5]	1
n	16	70.44791191991044	70.90158440050664	71.50781198042273	0	71.86222366494576	72.11285887529493	71.71365267661622	[-5]	0
n	17	73.89676108041704	74.22686313003055	74.82577177637268	0	75.38563374280693	75.43586573032917	75.13609037249057	[5]	1
[]	18	77.19427646914414	77.97682844022302	78.58227478104368	0	0.0	79.18941948557267	78.5826085421495	[-5]	na
v	19	80.99579042265736	81.2766132402578	81.87967398970545	0	82.36138741479476	82.48454723027544	82.18590124119714	[-5]	1
[]	20	84.24742946474248	84.72220853788008	85.31921807121375	0	0.0	85.91095434328713	85.31955265338024	[-5]	na
n	21	87.69214089070283	87.94444047598517	88.53872121464406	0	88.85541830473403	89.13054944549685	88.8625593934662	[5]	1
v	22	90.91442045031886	91.49402924781816	92.08082930397882	0	92.40479770613183	92.68014642793514	92.50625976548872	[-5]	1
n	23	94.463884010421	94.84217533419223	95.44426435850119	0	95.94732987323073	96.0533976716365	95.85649914568648	[5]	1
v	24	97.81214586632973	98.24315050778478	98.84878363987627	0	99.21093299884387	99.45193757969423	99.15394310214742	[5]	0
[]	25	101.23582787943883	101.43776566439806	102.0310865832962	0	0.0	102.62693103173638	102.4510089602336	[-5]	na
n	26	104.43271080523868	104.73547030757754	105.3403205584525	0	105.6869769157297	105.94680718296604	105.84862599625421	[-5]	0
v	27	107.70543878706371	108.05855146858994	108.66114051876252	0	109.06968308197634	109.26983210133199	109.07848558669298	[5]	0
v	28	111.05372445372791	111.51006825476202	112.10922486138452	0	112.69466820025423	112.71871040948758	112.31985767736751	[-5]	1
v	29	114.50245373939697	114.85547405161356	115.46128781702168	0	115.91711279303695	116.06684212730215	115.66853950573795	[5]	0
n	30	117.82553695306069	118.1533712334874	118.75680433388584	0	119.08800792143848	119.3646083500214	119.06659293543089	[-5]	0
v	31	121.14851917627925	121.52670212006046	122.12701765362249	0	122.63996298972188	122.71308286060776	122.64125402217019	[-5]	1
v	32	124.47135812443503	124.87481946931575	125.47380652693869	0	125.82049531610664	126.06102245025818	125.58767243297484	[-5]	1
v	33	127.81956414822776	128.1727018721001	128.77280721416628	0	129.2288477185707	129.3588900739528	128.88483804991552	[-5]	1
v	34	131.11731600238772	131.57113627387957	132.15835219719906	0	132.47847762553647	132.7571713479433	132.48813813850802	[-5]	1
v	35	134.54114703798314	135.04527491980298	135.64940099528962	0	136.20724479493856	136.2564553831603	136.15959569337338	[5]	0
n	36	138.04035512510086	138.36852521928472	138.97382212708862	0	139.40026093616734	139.57944089062084	139.18097323588995	[5]	1
b	37	141.3632671476439	141.71828920543498	142.32035811376113	0	142.76044048568428	142.92758985070645	142.62611695021997	[5]	
v	38	144.18270813679192	144.56140875923802	145.1650811987813	0	145.6687592246667	145.77223041914317	145.27081326866664	[-5]	1
n	39	147.5559840123094	147.9092186213245	148.50491897364145	0	148.84470469639473	149.09519047372737	148.92073727951447	[-5]	0
[]	40	150.87893503522764	151.08099638979684	151.6773207481176	0	0.0	152.27055504512964	151.6776540986932	[5]	na
v	41	154.07622069121794	154.6306258041261	155.22914567830685	0	155.59151343937583	155.8167811635576	155.44364568939113	[-5]	1
n	42	157.6005717044477	157.9535743638628	158.5517227081532	0	158.81725376913005	159.13966239633078	158.9654904153499	[5]	1
v	43	160.90223057514459	161.45270568182104	162.04563372325492	0	162.46155844170335	162.63895423162285	162.5650862893565	[5]	0
n	44	164.39748484527513	164.7004865604706	165.3024844470608	0	165.61067617110984	165.91165060261733	165.4071516014376	[5]	1
v	45	167.67021282710016	168.15161087970887	168.75094976176933	0	169.03439143717037	169.36102606292434	168.96150745071373	[5]	0
n	46	171.11892363890752	171.4721028263366	172.059660310837	0	172.50861957869165	172.6581764902453	172.58192829349946	[5]	1
v	47	174.46720191602685	174.9966229780357	175.59567202572885	0	176.0977629416077	176.18267611543115	176.11501785396126	[5]	0
n	48	177.91580311625307	178.21874530456012	178.81847624302395	0	179.32125561815838	179.40490517982448	179.23287904054155	[5]	1
v	1	184.914500914251	185.4946668013206	186.10070143201165	0	186.45478592391305	186.70534272298164	186.3052370524913	[5]	0
n	2	188.48911068470693	188.7415285027057	189.34801841146123	0	189.74184469624697	189.95277136666346	189.65488034274358	[-5]	0
v	3	191.71406936483572	192.2404791873471	192.83451278678626	0	193.3686230107246	193.4267568847979	193.05373594857542	[5]	0
v	4	195.21056015212616	195.5639216149932	196.16343333029545	0	196.59990426747277	196.7500326371562	196.2748188124674	[-5]	1
v	5	198.508346080298	198.93685880304156	199.53554617357054	0	199.99803980321894	200.1232157328334	199.6475462195499	[-5]	1
[]	6	201.90680675601448	202.26009144972204	202.8641001135527	0	0.0	203.47455451308247	202.86444208526382	[5]	na
[]	7	205.28018690621934	205.55784125123046	206.16179079870312	0	0.0	206.77290697302078	206.1624049519803	[-5]	na
v	8	208.5528060975239	208.83045387405105	209.43041429893333	0	209.7633536084486	210.04176365444187	209.94228765527282	[-5]	1
[]	9	211.82548235253557	212.40502259148047	213.0073213967553	0	0.0	213.61971965709222	213.0076715790717	[5]	na
v	10	215.40423149965886	215.77875251347155	216.3830863172725	0	216.8548554677402	216.9898504602454	216.79281851195924	[5]	0
n	11	218.77366481189097	219.15390615442334	219.75866978341242	0	220.31100262477707	220.3631246936418	220.265767441173	[-5]	0
[]	12	222.1469041502146	222.49998398931962	223.10107706720464	0	0.0	223.71507967981915	223.1014149336131	[-5]	na
[]	13	225.49841494264479	225.94885942376322	226.55468468401887	0	0.0	227.16213769677734	226.5550163924736	[5]	na
[]	14	228.96907475509806	229.24664124663263	229.84938917201794	0	0.0	230.46079189646093	229.84973771221325	[-5]	na
v	15	232.2416947674633	232.97239881865812	233.5687088084194	0	233.96202849885753	234.1584950617314	233.7845717799853	[-5]	1
v	16	235.9423689402654	236.29534984157635	236.8974269605078	0	237.32024612423538	237.50662595848553	237.0045256856472	[-5]	1
v	17	239.2905959011016	239.82268869407858	240.4270939301457	0	240.83263756977	241.0310603093592	240.7327669657791	[5]	0
v	18	242.81491284031927	243.09241077329943	243.69477197917467	0	244.01000676045896	244.30366800581646	244.10406080117446	[5]	0
n	19	246.08755337919774	246.56643200756685	247.15798354102049	0	247.50199526232723	247.75249417662826	247.4796791623869	[-5]	0
v	20	249.53639884493214	249.8138512090527	250.41229841937638	0	250.74404801218202	250.99994663106554	250.52585068028975	[5]	0
v	21	252.78370925589752	253.0109730634672	253.6138371689176	0	254.11717486521297	254.22222578015112	253.72282392274815	[-5]	1
v	22	256.0059485835475	256.33400249766623	256.9272831845983	0	257.30584759623275	257.52002115051937	257.3452649849705	[-5]	1
v	23	259.30374313285506	259.73250340534855	260.33450252352964	0	260.7186304413224	260.94367401597947	260.74439523555	[5]	0
n	24	262.7274982203512	262.98035982156716	263.5852195146383	0	264.0647805295455	264.1899831436274	264.0902751948581	[5]	1
v	25	265.97498433827036	266.45391510398326	267.06461664273274	0	267.4573373695134	267.6652236527834	267.3675998840663	[-5]	1
v	26	269.4250104890482	269.8036327002135	270.40375569508114	0	270.93648941103925	271.0133984762758	270.61510119160516	[5]	0
n	27	272.77208960726216	273.3264906148677	273.9239652789922	0	274.2786811664421	274.51319936909704	274.4385830301567	[-5]	0
n	28	276.2964361046588	276.64969575602026	277.25078226542087	0	277.71161858438745	277.8607325337846	277.3609570938397	[5]	1
v	29	279.644616265045	279.94722263959466	280.5514435475727	0	280.9322728546822	281.1594117758143	280.65416068318814	[5]	0
v	30	282.94229791852945	283.0688902627969	283.66258106946407	0	284.14976891564424	284.25488264171304	284.18116002716056	[5]	0
[]	31	286.0386284348042	286.5931891386829	287.1946225461579	0	0.0	287.8073943890365	287.194970675823	[5]	na
v	32	289.61355513462513	289.7399939405732	290.33287066572416	0	290.675502184278	290.9260676044819	290.8520699346518	[-5]	1
n	33	292.6845686599554	293.2391511219382	293.8324063559937	0	294.32596234765265	294.42526953364586	294.05163033884355	[-5]	0
v	34	296.20905104287	296.5118310717221	297.11401451799225	0	297.5575806497486	297.72308584105735	297.6238672443649	[5]	0
v	35	299.5069847619377	299.8595941333583	300.4614811767767	0	300.9187742090214	301.07126682250396	300.97200101483077	[5]	0
n	36	302.8550988269508	303.03192242291675	303.6321258817163	0	304.06811321424084	304.2181418250698	303.8438445502518	[5]	1
n	37	305.9768460930245	306.3045071296792	306.89853744487596	0	307.392579093839	307.49057299351284	307.2171310995561	[5]	1
v	38	309.27440130318723	309.4522081191392	310.05668273482115	0	310.38858176064355	310.66259708014445	310.3637179098755	[-5]	1
n	39	312.44645659011917	312.7994600705947	313.3970250513778	0	313.812400480331	313.98555590313777	313.8138446405685	[-5]	0
v	40	315.7442884976808	316.0972287564955	316.6944993870784	0	317.26399855149566	317.2905745535279	317.1107015387495	[5]	0
n	41	319.0923073196725	319.39509145382726	319.98984963918497	0	320.3991837047506	320.58112119099746	320.1055337837672	[5]	1
[]	42	322.3650057433183	322.69284207639635	323.28736502791185	0	0.0	323.8818181892823	323.28771438916783	[-5]	na
v	43	325.66285858792367	325.9907084685003	326.5845638978042	0	327.0093322592327	327.1766187413634	326.90375897932313	[5]	0
n	44	328.9606572425339	329.18778188034366	329.78748613434027	0	330.29029465712347	330.3739121974288	329.99975286078006	[-5]	0
v	45	332.1324756535025	332.53596943027424	333.1331041753392	0	333.64945362840035	333.7220435047134	333.5498260583265	[-5]	1
v	46	335.48053758117203	336.00993360083476	336.6025943870659	0	336.967927818773	337.19669490293836	337.02129092063046	[-5]	1
n	47	338.9328783015869	339.25933073713986	339.864630929186	0	340.3439936579748	340.46912360819965	340.06982545074175	[-5]	0
v	48	342.230452396142	342.6054943728616	343.20900588454083	0	343.61664281798903	343.816858753778	343.5184594933892	[5]	0
v	1	349.4018660242689	350.1074702550295	350.7110573042776	0	351.16800179632696	351.3187447298178	351.02105897103047	[5]	0
n	2	353.07744735565143	353.4806467822227	354.0845417291698	0	354.5562369841896	354.6920600162405	354.4947271492697	[-5]	0
v	3	356.4759552423484	356.9548342812477	357.54757060504767	0	357.9405881452103	358.1409067135655	357.86797634031973	[-5]	1
[]	4	359.8994902856223	360.2777914621199	360.8804166389559	0	0.0	361.49191789066253	360.880777084529	[5]	na
n	5	363.2731869546619	363.72916045739635	364.3327590014919	0	364.89850920352455	364.938094909671	364.84132143124	[-5]	0
[]	6	366.6965311013623	367.09996288806406	367.6928740977571	0	0.0	368.2889574748119	368.11480889405607	[-5]	na
v	7	370.0951231467636	370.39775456365965	371.00254159287374	0	371.35594624665555	371.60896910102906	371.4091073676225	[-5]	1
n	8	373.37060209189804	373.64540982004814	374.24148170225544	0	374.6071053788603	374.83125153435685	374.75775676410194	[-5]	0
v	9	376.6150445384285	376.91783688318856	377.51241689841095	0	377.87821956621156	378.1039602212593	377.83082786712293	[5]	0
n	10	379.88782178388533	380.26604537016283	380.86829203809384	0	381.38720443160287	381.4773116343456	381.0778899072777	[5]	1
[]	11	383.2361119663824	383.6392686978063	384.2427555776694	0	0.0	384.85350843270226	384.24308605453325	[5]	na
v	12	386.6596897048041	386.98752234310973	387.5808777465502	0	388.0511993673015	388.17358656482224	387.9014871048339	[-5]	1
v	13	389.9574682434313	390.3355986393385	390.92777458932596	0	391.29029588871435	391.52171540892505	391.3471632769183	[5]	0
n	14	393.2804734563447	393.48244942061865	394.0848254055834	0	394.58773984517507	394.6936598526854	394.2947410251925	[-5]	0
v	15	396.4775760158366	397.03196347594326	397.62643223746386	0	398.00877640125304	398.21802687659533	397.94538797983796	[-5]	1
b	16	399.9775550787931	400.2793925301555	400.8809162542891	0	401.35305693464693	401.4906477100212	401.3914077657546	[5]	
n	17	402.7207318605149	403.07374970954993	403.67630879101307	0	404.27308645998346	404.29428451553736	403.7857631388158	[5]	1
v	18	406.0687186611458	406.09420355896896	406.6925698948303	0	407.2244517604877	407.28125715862143	407.10920720858303	[5]	0
v	19	409.03973727705124	409.2916287952496	409.8963714871952	0	410.2774081120888	410.5031598514538	410.40464490363615	[5]	0
[]	20	412.28680260144824	412.3384756354392	412.9439392185309	0	0.0	413.55177443496655	412.94428324289356	[5]	na
[]	21	415.3329790457142	415.76294668771857	416.36785112858865	0	0.0	416.9759289684114	416.3681967950722	[-5]	na
n	22	418.7566594167022	419.084439917664	419.6808238028732	0	420.08988856058477	420.27059486656526	419.7936190459768	[-5]	0
v	23	422.05443426055695	422.5334656061848	423.1463905768526	0	423.5085777046045	423.7446522274961	423.67031874390864	[5]	0
n	24	425.48074859372855	425.85632056502095	426.459132943658	0	426.817004577259	427.06754290246545	426.66896604668386	[-5]	0
v	25	428.8514668656917	429.10380791453076	429.7093125506492	0	430.02460029033773	430.3150470837161	430.0170312585956	[5]	0
v	26	432.09880601377586	432.32595774658284	432.92771054660466	0	433.4126593607166	433.53731761166637	433.4392021097972	[5]	0
n	27	435.3212140693647	435.57352473896435	436.16661329773206	0	436.65402652502803	436.7847470764086	436.5870155845498	[5]	1
v	28	438.56850888018016	438.921614582692	439.5228324617776	0	439.9073906152887	440.13291040505374	439.73604751313087	[5]	0
[]	29	441.91670176700427	442.1942875534612	442.7831320503442	0	0.0	443.38353461632255	442.78349742228056	[5]	na
v	30	445.1640893576598	445.18960052941975	445.7897214716361	0	446.2262511146414	446.3760633760203	446.10342817403534	[5]	0
n	31	448.13453815755656	448.462727546663	449.0692564557937	0	449.43179828169514	449.6739014415359	449.47397771805936	[5]	1
[]	32	451.43527251409546	451.8106174621512	452.41366876940265	0	0.0	453.0249282187831	452.4140480993681	[-5]	na
v	33	454.8059624594705	455.2346184572766	455.8391296101522	0	456.1951271730911	456.44573241473086	456.0474655092996	[-5]	1
n	34	458.2296432409887	458.6077789737892	459.2096508275879	0	459.694354144601	459.81953992694207	459.31470839624717	[5]	1
v	35	461.60340231062855	461.9307858288237	462.5322155415263	0	463.06766039935815	463.14204880876423	462.7438553882507	[5]	0
n	36	464.9039572654415	465.1019494440188	465.70241810537004	0	466.16407261115546	466.2887760204346	465.8119085798362	[-5]	0
v	37	468.04741665619804	468.42566159004946	469.02363012208343	0	469.3531431460026	469.6117278644133	469.53773224723454	[-5]	1
v	38	471.37051259630016	471.6731505816804	472.27032350605987	0	472.65030055233797	472.8592197297562	472.38239744748694	[5]	0
n	39	474.64287110088617	474.8450851727141	475.4489144348188	0	475.8272033806452	476.0562734361465	475.657648548324	[5]	1
v	40	477.8149473248616	477.9948925929666	478.5988363930153	0	479.101967182057	479.20314843871233	478.70278594048796	[-5]	1
n	41	480.986847020823	481.39032683956566	481.9904059076948	0	482.43903346709476	482.57650477816173	482.0997379174785	[5]	1
v	42	484.38540540274244	484.7384725154093	485.3353457526948	0	485.71325742120735	485.92454084242445	485.55065204522066	[-5]	1
n	43	487.7083531414187	488.0615126233952	488.66106785490547	0	489.02219868828433	489.24754523427737	488.9746160926222	[-5]	0
[]	44	491.0317208525564	491.1329067102813	491.7399385189874	0	0.0	492.34948236238824	491.7402817222894	[-5]	na
[]	45	494.10246917533505	494.55648321711215	495.1622973930507	0	0.0	495.7706236036838	495.1626336173381	[-5]	na
v	46	497.5515092324151	498.23183711472757	498.8322918180497	0	499.31841515925134	499.41795963173786	499.2457471117143	[-5]	1
n	47	501.17647669789153	501.8818768951103	502.48905033675805	0	503.0694535955579	503.0933352874574	502.99617139474367	[-5]	0
v	48	504.87722928197445	505.43319358883105	506.03767025716434	0	506.4166332936868	506.642881774673	506.14075810160944	[-5]	1
v	1	512.4294984059109	512.9586817708962	513.5544063444988	0	514.0572070672072	514.1447574874562	513.9725338831154	[5]	0
n	2	515.9284999963052	516.1056959432219	516.7113569913715	0	517.0735580771525	517.3166173619818	516.816885027715	[-5]	0
v	3	519.1004633244577	519.5568379152617	520.161540375241	0	520.5553851338886	520.7655469864205	520.2635994308409	[-5]	1
[]	4	522.527593791797	522.8772777245456	523.4761005700623	0	0.0	524.0659549713982	523.4764408996525	[-5]	na
v	5	525.8722992240157	526.1496037972408	526.7423536685394	0	527.1832566904634	527.3359492321852	527.2619704467472	[5]	0
[]	6	529.1198760691234	529.3470278019306	529.9483199869944	0	0.0	530.5615454658164	529.9486484112067	[5]	na
[]	7	532.3457116418995	532.5939872095191	533.209517815782	0	0.0	533.8094761880129	533.2098495242365	[-5]	na
n	8	535.6147982202692	535.7664197737649	536.3662225550254	0	536.8025953754693	536.9524704479788	536.7800337784302	[-5]	0
v	9	538.7362585256874	540.8013653415571	541.3986388458516	0	541.7766736734436	541.9872981935848	541.6136048087874	[-5]	1
v	10	543.7712003987069	544.3759562276209	544.9736304094547	0	545.3984123183818	545.5619642066872	545.1881821473523	[5]	0
b	11	547.3208339183388	547.6484481545433	548.2573700445919	0	548.7601609145736	548.8598917678007	548.4609396873566	[5]	
[]	12	550.1149583270728	550.2918357025035	550.8842945078441	0	0.0	551.4808976162149	550.8846266268288	[-5]	na
n	13	553.2868510440196	553.5644475042634	554.1617731459016	0	554.4747483686044	554.7505683791526	554.6764290763808	[-5]	0
[]	14	556.5119940522375	556.6357718010045	557.2406696733904	0	0.0	557.8498945347749	557.241003023966	[5]	na
v	15	559.6307612791138	559.8868853643496	560.4922627360856	0	560.9446203734783	561.094426066373	560.5950196931369	[-5]	1
v	16	562.8782079861273	563.3841056639219	563.9893910768783	0	564.4299024529289	564.5936403114447	564.2951059865986	[-5]	1
n	17	566.3773237039354	566.5291661227141	567.1175040252492	0	567.4585394021308	567.7149347626355	567.6402716232449	[-5]	0
v	18	569.4990422328906	569.8521052402546	570.4493528811424	0	570.8853968668436	571.0381571460593	570.666144472169	[-5]	1
v	19	572.7968441717428	573.0492238104271	573.639126243804	0	574.1860856545231	574.2353270325148	573.8619895774575	[-5]	1
v	20	575.9940173424404	576.2715349808734	576.8678852026007	0	577.410630109614	577.4576258870532	577.1852571192105	[5]	0
n	21	579.2414751337712	579.6447899193472	580.2442942451046	0	580.6544411605962	580.8309682684737	580.7566454586731	[5]	1
v	22	582.5893523228212	583.0433692383103	583.6447098659455	0	584.1567097508434	584.2545739229533	583.8555458944099	[-5]	1
v	23	586.0385483814023	586.2907605237381	586.8953833408461	0	587.3515802572817	587.5026503833942	587.3048905649471	[5]	0
[]	24	589.2635764411459	589.6893246530815	590.288748925437	0	0.0	590.8779505836508	590.2890806338917	[5]	na
v	25	592.6842858046023	593.0625939601146	593.6642798437028	0	594.2139623016733	594.2738803402804	593.9757885670606	[-5]	1
n	26	596.057858904032	596.4863318053397	597.0873070610385	0	597.4650980336528	597.6984490987629	597.1980648424344	[5]	1
v	27	599.4813487889767	599.6582544909959	600.2566479218547	0	600.6509569902325	600.8443310286164	600.7702684950043	[5]	0
n	28	602.6280275580757	603.1574161881936	603.7555957327843	0	604.2430516552276	604.3435111996762	604.269502856059	[-5]	0
[]	29	606.1061077050783	606.4048875270232	607.0064592831977	0	0.0	607.6187495740749	607.0067959180155	[-5]	na
v	30	609.4024235243694	609.6021062665802	610.2088112931949	0	610.6022434689257	610.8134369840147	610.312876199672	[5]	0
v	31	612.5747826036979	612.6489153379855	613.2562854236303	0	613.7442540983754	613.8592960883855	613.5609641549604	[5]	0
n	32	615.621941036359	615.8452034054305	616.4443156747845	0	616.9314632889984	617.0312721429761	616.7585958879647	[5]	1
n	33	618.840311937317	619.0926492913836	619.694682894107	0	620.2760127197162	620.3039233556415	620.1067349953241	[-5]	0
v	34	622.0878013394781	622.3402836107286	622.9389980762551	0	623.3369300742263	623.5264114646325	623.051986679114	[5]	0
n	35	625.2594321381155	625.587737707287	626.1941052780235	0	626.6489207601157	626.7986985369523	626.5004688255633	[5]	1
[]	36	628.5574512474784	628.9355763064921	629.5390861760502	0	0.0	630.1498234309329	629.5394470321535	[5]	na
v	37	631.9307394389036	632.158015151851	632.7526148725262	0	633.2586702791793	633.3440613102321	632.9704878002722	[5]	0
[]	38	635.1279725470201	635.4308207238962	636.0237171544998	0	0.0	636.619539844836	636.5453705733548	[-5]	na
v	39	638.400582706659	638.4766790072065	639.0840154293694	0	639.4461898306834	639.6879243343458	639.4879583262516	[5]	0
n	40	641.4717329385674	643.7885489971977	644.3829902531904	0	644.8262977508796	644.9746243032275	644.8019794948343	[-5]	0
n	41	646.7584214126018	647.1868967770911	647.784422757499	0	648.1486173782494	648.3735505202651	648.1002412275841	[-5]	0
v	42	650.1821572051756	650.7868026014482	651.3818699160959	0	651.7600414502663	651.9729333290638	651.5988704670274	[5]	0
n	43	653.7567825757819	654.1350562467517	654.7400936994277	0	655.2603222529679	655.3461738989783	655.1488455478402	[5]	1
v	44	657.1081730828441	657.4350142905585	658.033569470342	0	658.6453910208927	658.6531454418414	658.1446043596673	[-5]	1
n	45	660.4277671997813	660.7054125131267	661.3017729981107	0	661.8171794631521	661.8915539145291	661.4177334295616	[5]	1
v	46	663.6502856880118	664.0031943359961	664.600632462927	0	664.9394981873554	665.2169738664643	665.1162379499103	[5]	0
v	47	666.9479094567289	667.3763454103128	667.9776597640107	0	668.4961127741526	668.5878284344756	668.3939863063524	[-5]	1
n	48	670.3465125864475	670.9009452048833	671.4890006625958	0	672.0061223230864	672.0870915326491	671.812636449997	[-5]	0
[]	1	678.4272741529323	678.9341607981364	679.5382458205966	0	0.0	680.1453589142952	679.5385767079906	[-5]	na
[]	2	681.9266140202653	684.3439664777407	684.9457919416193	0	0.0	685.5585871847229	684.9461326817398	[5]	na
v	3	687.3433695667345	687.8431721016768	688.4454980019491	0	688.9483065247323	689.0543665230632	688.5533475869443	[-5]	1
[]	4	690.8380531997961	691.3421975028266	691.9479037093051	0	0.0	692.5566695978528	691.9482703128322	[-5]	na
v	5	694.3373462666789	1182.2633769234371	1182.867262838718	0	1183.2137048991967	1183.4741300247879	1183.0750810592008	[5]	0
v	6	1185.2573372021707	1185.7377803613817	1186.3436216323175	0	1186.8229950348932	1186.9476910546277	1186.649938379407	[5]	0
n	7	1188.681168648296	1188.8079182256552	1189.4093101695735	0	1189.841349843065	1190.0189250347103	1189.8183358416732	[-5]	0
v	8	1191.802772228777	1191.9795999300454	1192.5832633379232	0	1193.0930007905276	1193.1907865513567	1193.0939720198994	[5]	0
v	9	1194.9746201979247	1195.0760219945696	1195.6765333510684	0	1196.2626561175275	1196.2887838205097	1195.8876707087475	[5]	0
b	10	1198.073886005598	1198.348628459436	1198.958546706439	0	1199.430842567237	1199.5599209975558	1199.3630204189544	[-5]	
n	11	1200.7929827240655	1201.1429671649685	1201.7403289332701	0	1202.204258187257	1202.3292514309032	1202.1592627533278	[5]	1
n	12	1204.1128547699923	1204.2140763438501	1204.8187225611832	0	1205.3025370801715	1205.425560599604	1204.923402031468	[5]	1
v	13	1207.2091430016494	1207.5122535073651	1208.1185775618937	0	1208.6348354667057	1208.722476203613	1208.5250230512743	[5]	0
[]	14	1210.5070151411774	1210.6335713587814	1211.226262113722	0	0.0	1211.8227905055846	1211.2266040854329	[5]	na
v	15	1213.628811670883	1214.6363395643616	1215.2403531545556	0	1215.57213189501	1215.8475586175641	1215.7490358696714	[5]	0
n	16	1217.631276084067	1218.0346754388775	1218.6246599783076	0	1219.1175652794955	1219.2208907357276	1218.8472252669885	[-5]	0
[]	17	1221.004677171315	1221.0297388124345	1221.6303540330905	0	0.0	1222.219630818343	1221.6307173523755	[5]	na
n	18	1224.0002709499754	1224.2777787356817	1224.881426543409	0	1225.3383788355331	1225.4891993592441	1224.9899547349328	[5]	1
v	19	1227.2729463839264	1227.5266725618812	1228.1322933780648	0	1228.4923904962352	1228.7366994351923	1228.4370435416608	[-5]	1
n	20	1230.4983701948458	1230.6219837315066	1231.2264045677239	0	1231.682549346816	1231.833085373053	1231.333355912498	[-5]	0
v	21	1233.616812692282	1234.0203138585985	1234.6148441996588	0	1235.0556975474206	1235.2063706907666	1234.8330135302563	[-5]	1
n	22	1236.990121820751	1237.2174065653644	1237.819529253155	0	1238.1780183242754	1238.429023832924	1238.1301282414443	[5]	1
v	23	1240.2122507157596	1240.2899706635071	1240.896779143749	0	1241.2901370135014	1241.4999839893198	1241.2017481199769	[-5]	1
n	24	1243.2624593882933	1243.5864194946043	1244.1948360218962	0	1244.7737322240914	1244.7977522646902	1244.499318519759	[5]	1
v	25	1246.5815744164106	1246.6573656929709	1247.2577300796347	0	1247.792523425935	1247.844172563934	1247.5708677870857	[-5]	1
n	26	1249.6526474686293	1249.8299370164468	1250.42994547337	0	1250.8658350996916	1251.0157294671235	1250.8437267280656	[5]	1
v	27	1252.7742251857035	1252.8000717606906	1253.4012563868246	0	1253.7890060026198	1254.0121566222228	1253.6091099129103	[5]	0
n	28	1255.7701092092611	1256.1513637404892	1256.754897010272	0	1257.3359238645457	1257.359845788411	1256.961392091709	[5]	1
v	29	1259.143367021447	1259.2456777320995	1259.8491457275704	0	1260.3988836071267	1260.4565597399537	1260.2601095130535	[-5]	1
v	30	1262.2397082115085	1262.416822052372	1263.0214489747827	0	1263.377387010833	1263.6284848887913	1263.5290737534042	[-5]	1
[]	31	1265.4368990350076	1265.7648269163346	1266.3662488289624	0	0.0	1266.979476360436	1266.366593263855	[-5]	na
n	32	1268.7637353163586	1268.9116317182252	1269.5054399365486	0	1269.821507273211	1270.0976815713784	1270.0241904958957	[5]	1
[]	33	1271.8814236696971	1272.0085094713436	1272.6155527748974	0	0.0	1273.2217536703456	1272.6158779148677	[5]	na
v	34	1275.0281615551544	1275.1548314896418	1275.757656184187	0	1276.1154116377224	1276.3660218057257	1276.0678458738012	[-5]	1
[]	35	1278.1497774515428	1278.2798658715515	1278.8776993391284	0	0.0	1279.4907762059943	1278.8780470582633	[-5]	na
n	36	1281.2713531159657	1281.876271925395	1282.4767541342449	0	1282.837129181405	1283.087660527597	1282.9883639301538	[-5]	0
v	37	1284.8964572880204	1285.048226632412	1285.6538807015468	0	1286.2352446011682	1286.260122650022	1285.8613392975171	[-5]	1
n	38	1287.9926786032447	1288.4974945337894	1289.1016628938937	0	1289.5031767684313	1289.70903544272	1289.2090280531752	[5]	1
v	39	1291.4669835139257	1291.8200280474275	1292.4115032222521	0	1292.812644335309	1293.0063176502563	1292.8384132348388	[-5]	1
v	40	1294.7648035161096	1295.1209791639467	1295.7210496109406	0	1296.2706220467994	1296.3294566960358	1296.1341777119833	[5]	0
n	41	1298.1128535384014	1298.491103398616	1299.0986225067472	0	1299.6782855794781	1299.702420979082	1299.6055867421715	[-5]	0
v	42	1301.486247236105	1302.1917878346744	1302.7878149690828	0	1303.244334151777	1303.3788730451574	1303.3039011870073	[5]	0
n	43	1305.161702534696	1305.4639989588954	1306.069960104669	0	1306.4947338029906	1306.6755521837335	1306.1760916205026	[5]	1
v	44	1308.4593316403066	1308.837675922482	1309.446122418483	0	1309.7954636436966	1310.0488879966697	1309.7518200859322	[5]	0
n	45	1311.8327331380851	1312.1347811914738	1312.7277724545688	0	1313.2952025464479	1313.3217424218165	1312.9466002757122	[-5]	0
v	46	1315.080155623813	1316.2139753534047	1316.8170771558794	0	1317.2892412364622	1317.4250125416997	1317.3260464211203	[-5]	1
n	47	1319.2087328819143	1323.2627603069782	1323.8596889658497	0	1324.2734941165372	1324.4494468925732	1323.972748179914	[-5]	0
v	48	1326.1822627114539	1326.7364227377934	1327.335591660324	0	1327.72957312555	1327.9226014974502	1327.4485749262894	[-5]	1
n	1	1333.8351261190028	1334.2635534514511	1334.8669216880676	0	1335.4168906961631	1335.4749149586555	1335.378384924672	[-5]	0
n	2	1337.2585720772095	1337.8892598714056	1338.4931158179775	0	1339.0526850763322	1339.1006612000456	1338.5980173851358	[5]	1
v	3	1340.8835637639713	1341.1361905418753	1341.7414480387738	0	1342.2981727329188	1342.3474350479541	1341.949367249702	[5]	0
n	4	1344.131140198549	1344.1840214231115	1344.7880534871674	0	1345.3459186343898	1345.393281836417	1344.99478913934	[5]	1
v	5	1347.1772271472169	1347.229079582934	1347.8356249132753	0	1348.2290451836284	1348.4394410384116	1347.9396820196775	[-5]	1
v	6	1350.2232266529386	1350.7525758721508	1351.3524295591642	0	1351.8083563466853	1351.9389286966402	1351.6657680159155	[5]	0
[]	7	1353.7223567393057	1354.0754332941688	1354.677653688163	0	0.0	1355.2898873258632	1354.6780038704792	[-5]	na
n	8	1357.0956950154236	1357.5246523424448	1358.1318130576542	0	1358.5046977830652	1358.7360643448715	1358.636593682596	[5]	1
v	9	1360.519451334511	1360.8726600801192	1361.477362129568	0	1361.883818788503	1362.084087682696	1361.685399983743	[5]	0
n	10	1363.8675132621802	1364.3467433044566	1364.9449405018486	0	1365.2922537075506	1365.5326671248185	1365.2596858458196	[-5]	0
[]	11	1367.3164732658583	1367.5940003464875	1368.1954046063138	0	0.0	1368.8093538499938	1368.1957367252985	[-5]	na
v	12	1370.6143207735704	1371.1938975497092	1371.7883215634306	0	1372.2760176460793	1372.3801604680702	1371.908042862644	[-5]	1
n	13	1374.1387978195917	1374.5420900260028	1375.149265520302	0	1375.620951743656	1375.7536403771296	1375.5561342663864	[-5]	0
v	14	1377.5155500653973	1378.016350188885	1378.6187602478617	0	1378.991453666169	1379.2274600410365	1378.7270162578197	[5]	0
v	15	1381.0111557494351	1381.817409685394	1382.4129199621984	0	1382.8842679086133	1383.0034890967268	1382.9297792086127	[-5]	1
n	16	1384.8124517113774	1385.2661484132595	1385.8655977279614	0	1386.2773629537596	1386.4525546066834	1386.0787105572786	[-5]	0
v	17	1388.2111533683596	1388.5635492640422	1389.1757894702273	0	1389.6882540753859	1389.7767454310033	1389.6796476336626	[5]	0
v	18	1391.5590063361242	1391.7612023446204	1392.3781410696943	0	1392.772195198777	1392.9723901975226	1392.498004001849	[-5]	1
n	19	1394.7310066120003	1395.0588179027322	1395.6621565811697	0	1396.195876801356	1396.2702430421277	1396.0735263810852	[5]	1
v	20	1398.0540085406715	1398.5832818117851	1399.1944209757976	0	1399.6344405365903	1399.7961963549837	1399.3179285956498	[-5]	1
[]	21	1401.5783484695844	1402.0574266156623	1402.6532969275095	0	0.0	1403.2465345087635	1402.6536450571743	[-5]	na
n	22	1405.0271528822918	1405.5061784804961	1406.1003902500702	0	1406.4162330266777	1406.6922476285717	1406.4247481602088	[-5]	0
v	23	1408.4761642022536	1408.8291857460608	1409.44466462551	0	1409.7897794416403	1410.0405074318296	1409.8628270591994	[5]	0
[]	24	1411.824554143605	1412.3284287282513	1412.9295152376517	0	0.0	1413.542686526479	1412.9301412963068	[5]	na
[]	25	1415.3270468833775	1415.6765308878867	1416.2738947088396	0	0.0	1416.8657516768108	1416.2742567965338	[-5]	na
v	26	1418.6210325328816	1418.9240679115587	1419.5216998087749	0	1419.9311106435002	1420.1103337036316	1420.0357707336257	[-5]	1
[]	27	1421.8684648713356	1422.2974464196423	1422.8973321280164	0	0.0	1423.4861084768754	1422.89767738397	[5]	na
v	28	1425.292342296851	1425.796598674644	1426.397799721989	0	1426.7293358390566	1427.007924055185	1426.607751057731	[-5]	1
n	29	1428.7914707410973	1429.1702891857294	1429.7739653200451	0	1430.277576840028	1430.381166677751	1430.0829496928004	[5]	1
v	30	1432.1648430912273	1432.7193368786725	1433.3218971917267	0	1433.7704951929477	1433.9307624285984	1433.632854983468	[5]	0
b	31	1435.7143854731403	1435.8408374160567	1436.4460887550013	0	1436.9645889761237	1437.0523853040017	1436.7539039375602	[-5]	
v	32	1438.3073352726783	1438.5599493241439	1439.163320023942	0	1439.4948820044165	1439.7715875287472	1439.5687338507655	[-5]	1
n	33	1441.5547618637088	1442.0086531569368	1442.6008828863892	0	1442.9182179405116	1443.1946947994848	1442.926130826143	[-5]	0
[]	34	1444.978623278544	1445.0543628282908	1445.6483151427374	0	0.0	1446.243727302808	1445.7660359279666	[5]	na
v	35	1448.0498137424183	1448.25186319161	1448.8457904637103	0	1449.212035683137	1449.4380957307317	1449.1655808141145	[5]	0
n	36	1451.196516732803	1451.651417930484	1452.2560772847855	0	1452.711553310075	1452.8615765840104	1452.6645109722422	[-5]	0
[]	37	1454.6202656623454	1455.124355775381	1455.723339959292	0	0.0	1456.3132140660805	1455.723691373199	[5]	na
v	38	1458.119426949013	1458.2209728417806	1458.8178982164104	0	1459.3392737915124	1459.407589637231	1459.2346985106783	[-5]	1
n	39	1461.1653656962553	1461.6444582108925	1462.2435799224427	0	1462.5759995006415	1462.83079256152	1462.7565157311092	[-5]	0
v	40	1464.6142140357015	1464.9422215599002	1465.5384301486856	0	1465.9005372230363	1466.1283826667554	1465.9540481157892	[5]	0
n	41	1467.912085764699	1468.4164969124017	1469.0173407984157	0	1469.5276993833122	1469.6276334490208	1469.5355736790984	[5]	1
v	42	1471.4113028834827	1471.5126623955098	1472.1169169669697	0	1472.5271480411657	1472.7239303018137	1472.3257377023606	[-5]	1
b	43	1474.5077052425536	1474.7602605881912	1475.3644166323875	0	1475.7433123419464	1475.9714024617037	1475.5727291313096	[-5]	
n	44	1477.2265618008155	1477.6552067143048	1478.256283370979	0	1478.8311535028602	1478.8668769402689	1478.365385483814	[5]	1
v	45	1480.654511686565	1480.7282901332333	1481.3203691980784	0	1481.7373752532462	1481.9124995792063	1481.8386628372405	[5]	0
[]	46	1483.6962006244985	1483.9739789496502	1484.5835843725908	0	0.0	1485.18868833117	1484.5839201863478	[5]	na
v	47	1486.9941741650018	1487.2465394351266	1487.8387781962451	0	1488.1713623970804	1488.432556856389	1488.0588725032576	[5]	0
n	48	1490.1910657119374	1490.7960317323473	1491.4117187506413	0	1491.7744485994044	1492.0077664115634	1491.8324556196258	[5]	1
v	1	1497.7938456586835	1498.2979094977818	1498.891896707301	0	1499.3511253897477	1499.483995888129	1499.009907326898	[-5]	1
[]	2	1501.2424632801203	1501.5957126682251	1502.1922780078116	0	0.0	1502.7846883705806	1502.1926117689172	[5]	na
v	3	1504.565594115295	1504.6414683189687	1505.241480881195	0	1505.6024376497412	1505.8278819019374	1505.4541737380505	[-5]	1
[]	4	1507.6117401803212	1508.2923094544299	1508.898129377792	0	0.0	1509.5063989352489	1508.8984705284429	[5]	na
[]	5	1511.2642148157088	1511.9171488344637	1512.523752870633	0	0.0	1513.1309747548516	1512.52408827386	[-5]	na
v	6	1514.9121239440137	1515.1394320888517	1515.7413901540062	0	1516.179272904767	1516.3513703910794	1516.2513106178726	[-5]	1
n	7	1518.134521736346	1518.5127165855047	1519.1110246260687	0	1519.4737975805097	1519.6987980494887	1519.523994262429	[-5]	0
[]	8	1521.482957246557	1521.8356897770573	1522.429997610714	0	0.0	1523.0245837838902	1522.4303387613645	[5]	na
v	9	1524.8055810768537	1525.1586531158837	1525.7565900370873	0	1526.0941264645157	1526.3447378641094	1525.8679184555522	[-5]	1
v	10	1528.1033058360163	1528.7339316401421	1529.3330898888858	0	1529.7701979690355	1529.9204215817404	1529.7485539071395	[5]	0
n	11	1531.7033557564964	1532.1067641429727	1532.708661039118	0	1533.1019799084952	1533.3179963331436	1533.219373005336	[-5]	0
v	12	1535.101778252898	1535.605938566609	1536.2078756947199	0	1536.5543325342878	1536.8172208414721	1536.5187719069213	[5]	0
v	13	1538.6010581828123	1538.702362273254	1539.3030481051155	0	1539.727870656539	1539.913630179558	1539.4144003343358	[5]	0
v	14	1541.6976305014136	1541.7759908763755	1542.3817984838297	0	1542.7751777011563	1542.9848649807009	1542.4856437566145	[-5]	1
n	15	1544.7687105326468	1545.0714244661258	1545.663573321116	0	1546.1194656240946	1546.2574796561726	1546.085467885449	[-5]	0
v	16	1548.0414639673481	1548.4447569948197	1549.032737736024	0	1549.5413380197933	1549.6308220375931	1549.2574349083739	[5]	0
n	17	1551.4145776834107	1551.8684225867182	1552.4607233379065	0	1553.029187966055	1553.054501998051	1552.9829757204188	[-5]	0
v	18	1554.8131446864659	1555.0405887168222	1555.646335976327	0	1556.0399188166652	1556.25156966247	1555.8532272194702	[-5]	1
b	19	1558.0352444338255	1558.214112881044	1558.8193662726399	0	1559.2448230933232	1559.4234866007027	1559.1249350335856	[5]	
n	20	1560.6787432354877	1561.107323695725	1561.7106517003754	0	1562.1182709810219	1562.3185464436992	1561.9198488920197	[5]	1
v	21	1564.1022425626284	1564.3044393921855	1564.8972804012028	0	1565.365706193188	1565.4904761083703	1565.2169627821472	[-5]	1
n	22	1567.2742333963088	1568.0050195535564	1568.6007613694305	0	1569.1665415401726	1569.1911088176153	1569.1199273854068	[5]	1
v	23	1570.9749383588805	1571.4286941771206	1572.021503575308	0	1572.3536324980792	1572.6147198089884	1572.4400219387376	[-5]	1
[]	24	1574.373307896878	1574.927844379471	1575.5241547797627	0	0.0	1576.1167860078149	1575.5245004462463	[5]	na
[]	25	1577.89781696426	1578.3011978452087	1578.8995309281186	0	0.0	1579.4904473712513	1578.8998802893748	[-5]	na
n	26	1581.271121576896	1581.8507607536349	1582.445135914255	0	1582.808406841908	1583.0368093751977	1582.5617749522348	[5]	1
v	27	1584.7954290739176	1585.3995448861479	1585.9962867537483	0	1586.3357715578172	1586.58638213635	1586.3138372510239	[-5]	1
[]	28	1588.370214140797	1588.9248187714143	1589.5395628016886	0	0.0	1590.1387382927032	1589.5399002575668	[-5]	na
n	29	1591.9448588063256	1593.0534489879196	1593.649709303519	0	1594.1440674713167	1594.2403309859214	1594.1715191344051	[5]	1
v	30	1595.9979498118541	1596.1747898290305	1596.7693263280448	0	1597.2864512727779	1597.3608462506681	1597.0877988762963	[-5]	1
n	31	1599.1446232440594	1599.5230656429685	1600.129956229263	0	1600.533998149176	1600.7342407694323	1600.5420826364584	[-5]	0
v	32	1602.495991171957	1603.047363697794	1603.6460161732502	0	1603.9547403550537	1604.2335301415428	1603.9652387602973	[-5]	1
v	33	1605.9919761859605	1704.349174054159	1704.9452931473465	0	1705.4794546875682	1705.5339524950796	1705.3618220811095	[5]	0
n	34	1707.2923381915484	1707.821641020841	1708.414445492665	0	1708.9018308039026	1709.007982350483	1708.6346461270164	[-5]	0
v	35	1710.7959221207666	1711.1952510679944	1711.7897284506507	0	1712.2307907583177	1712.3812943526636	1711.9047089463575	[-5]	1
v	36	1714.1649921137137	1714.6190878510138	1715.2240029656705	0	1715.7307903477872	1715.8301537764269	1715.4319903246228	[5]	0
n	37	1717.5887500749218	1717.9419148937918	1718.5411199429855	0	1718.9277496322165	1719.1282911185062	1718.9531687599606	[5]	1
v	38	1720.9117097189755	1721.6172601702715	1722.2097887657574	0	1722.5885506424493	1722.8032821073666	1722.4296798602882	[5]	0
[]	39	1724.563837866819	1724.7640912460988	1725.3642819784604	0	0.0	1725.9533066981298	1725.3646288765349	[-5]	na
v	40	1727.7599141006472	1728.4394640281066	1729.0367079742218	0	1729.4756437351134	1729.6255381025453	1729.5514751584033	[5]	0
v	41	1731.4093516331304	1731.712163683343	1732.3175045178855	0	1732.6954338391993	1732.923383557606	1732.7233255907327	[5]	0
n	42	1734.707157266755	1735.3875602761063	1735.9912799266299	0	1736.4740787937412	1736.5988803197538	1736.499136244321	[5]	1
v	43	1738.3824820167215	1738.9119404369849	1739.5014339822173	0	1739.8977640910925	1740.0980243641502	1739.8246686815492	[5]	0
n	44	1741.881859652839	1742.4362815974882	1743.0397101820536	0	1743.4811895884704	1743.6475729040171	1743.1476948315062	[5]	1
v	45	1745.431466488004	1745.837910745794	1746.4425852897152	0	1746.896140033362	1747.0461243069221	1746.5468189241315	[5]	0
v	46	1748.808518831434	1749.3842115807302	1749.990961355144	0	1750.4314698574826	1750.5955743195254	1750.4964140181305	[-5]	1
n	47	1752.3582693521917	1752.8332204375101	1753.4305091314245	0	1753.8945730393384	1754.019238679833	1753.6453195033896	[-5]	0
v	48	1755.8030173153456	1756.332360376604	1756.9271247199158	0	1757.2446876183358	1757.5184471774814	1757.246088262365	[5]	0
v	1	1764.236579560355	1764.7405559565068	1765.3354093848861	0	1765.7514995470315	1765.9265692724666	1765.4511276034805	[5]	0
n	2	1767.71033436048	1768.1641850112114	1768.7576721948672	0	1769.1062925289348	1769.3507816906786	1769.1734835217258	[-5]	0
v	3	1771.1341366589568	1771.8396357939696	1772.4428681450681	0	1772.8525618351468	1773.0509176583023	1772.7523952388342	[-5]	1
v	4	1774.8348375162263	1775.691276724494	1776.286702021533	0	1776.8207876136557	1776.877310977497	1776.4026928322237	[-5]	1
n	5	1778.661179929668	1779.2152557973031	1779.8172380837432	0	1780.2517746023095	1780.4268410435025	1780.1287357227839	[5]	1
[]	6	1782.2107531013507	1782.8155475201097	1783.412642854269	0	0.0	1784.0047325929008	1783.4129786680264	[5]	na
v	7	1785.785252849696	1786.1635679842225	1786.7675947113848	0	1787.1310803463666	1787.374911017565	1787.2763041109679	[-5]	1
n	8	1789.1108078660882	1789.7632976910959	1790.3601664125486	0	1790.8470685296638	1790.9499616975263	1790.6769664604985	[-5]	0
v	9	1792.6831465831156	1793.1623675937262	1793.7627869914454	0	1794.0740552293041	1794.3738235228916	1794.0750991225327	[5]	0
v	10	1796.182355901824	1796.762064458178	1797.3667504969467	0	1797.974356722731	1797.9809641221182	1797.473389428189	[-5]	1
[]	11	1799.7572427802093	1800.5632963773987	1801.1604742281415	0	0.0	1801.7519042446365	1801.1608116840198	[-5]	na
[]	12	1803.5077512219432	1804.0371024938072	1804.623640221128	0	0.0	1805.226607369675	1804.6239748032945	[-5]	na
v	13	1807.0071575951793	1807.586834951233	1808.1849976640829	0	1808.6103896209843	1808.7728416987084	1808.2988459173175	[-5]	1
v	14	1810.5567636092837	1810.8846048687246	1811.4768842723392	0	1811.8858546080896	1812.0707232804325	1811.6979133567665	[5]	0
v	15	1813.8545836114677	1816.4987129876176	1817.0987271919648	0	1817.6799404269786	1817.6907705406766	1817.6126737261452	[5]	0
n	16	1819.4938042772328	1820.24937414661	1820.8496884485817	0	1821.1846451038214	1821.4354285155964	1821.261118185916	[5]	1
v	17	1823.1941775313503	1823.7989571710195	1824.391637252173	0	1824.882863074045	1824.9849692553885	1824.8130843385165	[5]	0
n	18	1826.7688767974041	1827.5999957304853	1828.1925752317238	0	1828.535731407957	1828.7863062703573	1828.71252946581	[-5]	0
v	19	1830.5700754636732	1831.0269977018515	1831.6328558045284	0	1832.0262621168526	1832.235171031014	1831.8339856659254	[-5]	1
n	20	1834.018963214025	1834.2966959703172	1834.8984734021547	0	1835.2087103879862	1835.507806643529	1835.1084838542552	[5]	1
[]	21	1837.291575015785	1837.720257698058	1838.321602020466	0	0.0	1838.934747445886	1838.321934960511	[5]	na
v	22	1840.740336733345	1841.3201421748417	1841.911967121452	0	1842.331149808088	1842.5061780699657	1842.432715731602	[5]	0
n	23	1844.2898072724615	1844.315173937568	1844.9279642543088	0	1845.4467859206288	1845.5271959879697	1845.3298335628197	[-5]	0
n	24	1847.2856695379155	1847.6388220408771	1848.241315848028	0	1848.6348929409428	1848.8500969261959	1848.5516381389184	[-5]	0
v	25	1850.6339552045797	1851.3393829073261	1851.9422934026966	0	1851.9602225762196	1852.5506836560512	1852.046842734887	[5]	0
n	26	1854.33430218476	1854.4356814022399	1855.036659942181	0	1855.571938124725	1855.647053172701	1855.3489026936531	[5]	1
n	27	1857.430944293506	1858.0608594697428	1858.6633943299203	0	1859.1508822737242	1859.2722841986078	1858.769986871242	[5]	1
[]	28	1861.0560152126095	1861.462356427303	1862.0672846789284	0	0.0	1862.6732421299293	1862.0676172084436	[5]	na
v	29	1864.4796385198906	1865.3392868432438	1865.9445234030986	0	1866.339658458371	1866.5474930148275	1866.3532855147678	[5]	0
v	30	1868.331168196713	1868.43277484796	1869.0391202500623	0	1869.5629729647862	1869.6438321522378	1869.4477550973488	[5]	0
v	31	1871.4277429784956	1872.0074334715177	1872.6138174634648	0	1872.991824374999	1873.2186049032093	1873.0178412348096	[-5]	1
v	32	1875.0024611289418	1875.8338345907873	1876.4272881109614	0	1876.8950956443668	1877.0198774649261	1876.6459291408341	[-5]	1
[]	33	1878.803723016872	1879.4587507399806	1880.0702872972906	0	0.0	1880.6729050845815	1880.0706202373358	[-5]	na
n	34	1882.4791610731918	1882.8825776702733	1883.4773026026796	0	1884.0445036186707	1884.0686451762285	1883.7956872974546	[-5]	0
[]	35	1885.8522760208452	1886.3061989249031	1886.896830460032	0	0.0	1887.4953897451182	1886.8971748949248	[-5]	na
n	36	1889.2760068870557	1889.981582791228	1890.572625677683	0	1891.0905564933269	1891.1677065398294	1890.6923412294723	[5]	1
v	37	1892.9264067024815	1893.4807691202418	1894.0800139908715	0	1894.5612002950998	1894.667588307113	1894.2949857012309	[-5]	1
[]	38	1896.4506883360964	1897.105884787144	1897.7088663042505	0	0.0	1898.3199849417497	1897.7092316761868	[5]	na
v	39	1900.1010368352386	1900.2274969887603	1900.8232999736438	0	1901.2323047939367	1901.4135525893375	1901.3394781503475	[5]	0
n	40	1903.197320961593	1903.6511469805087	1904.2458000701185	0	1904.8047699542858	1904.8373068557735	1904.4628022631714	[-5]	0
v	41	1906.5736626771336	1907.2007246680246	1907.801998789757	0	1908.1865409325878	1908.4119954480402	1908.3127932725583	[5]	0
n	42	1910.195753146509	1910.87615574533	1911.4754330478504	0	1911.8849530836264	1912.0623308102145	1911.7894997852927	[5]	1
v	43	1913.8207292331213	1914.5766997800379	1915.1930329729698	0	1915.5868391417725	1915.787935664981	1915.4146581473424	[5]	0
n	44	1917.5716596999682	1918.2521464574934	1918.8530457650932	0	1919.4455235400624	1919.4874611741002	1919.2667313662364	[-5]	0
v	45	1921.2724566213196	1922.3557782545404	1922.9582334718461	0	1923.539916353484	1923.5668101059414	1923.1677254242213	[5]	0
v	46	1925.3254712682183	1925.854749465695	1926.4574091270729	0	1926.9604803892262	1927.0659898664708	1926.5666898205736	[-5]	1
[]	47	1928.8497549544845	1929.6561706393682	1930.2575999415403	0	0.0	1930.8706148183364	1930.770637972243	[-5]	na
v	48	1932.6547448677557	1939.726016616623	1940.3190119850206	0	1940.7601473670748	1940.911715055869	1940.8378040079247	[-5]	1
[]	1	1946.6730298857824	1947.1519766621755	1947.7560530635	0	0.0	1948.366371988042	1947.756406940589	[5]	na
v	2	1950.1471258365582	1950.7293111220038	1951.3353564264817	0	1951.6362764279374	1951.9385891881107	1951.4612032477871	[5]	0
n	3	1953.7221621479598	1953.7482525779246	1954.3520900506346	0	1954.7571484434852	1954.9588156037626	1954.4581858503352	[5]	1
v	4	1956.7426972823719	1957.171321258817	1957.7699088704917	0	1958.304416077197	1958.3573349853073	1958.1851347811917	[-5]	1
n	5	1960.14113004203	1960.3432336812166	1960.9446404042246	0	1961.401551232792	1961.5544157866952	1961.2565530893635	[5]	1
[]	6	1963.3385770364148	1963.8424421788645	1964.4447717739095	0	0.0	1965.0566232079327	1964.4451252404683	[-5]	na
[]	7	1966.8627231950422	1967.1150938020605	1967.7121115459995	0	0.0	1968.3042509587935	1967.7125335711125	[-5]	na
v	8	1970.0596557950043	1970.588982024522	1971.1917135286963	0	1971.5075025258393	1971.8009860115917	1971.2983775022844	[5]	0
n	9	1973.6093755259917	1973.811347384963	1974.4112913886352	0	1974.7584342242767	1974.998044233815	1974.9233691890468	[5]	1
v	10	1976.7561142325094	1977.1344560515035	1977.7402792591079	0	1978.1958234324215	1978.3455962828948	1977.9468818994742	[5]	0
v	11	1980.1294726246101	1980.3314214938869	1980.9264407764936	0	1981.3045893209692	1981.5175124000666	1981.4434281083504	[5]	0
n	12	1983.276078729852	1983.553756885619	1984.1483397745533	0	1984.4516613780625	1984.7397632225639	1984.3663752722841	[-5]	0
v	13	1986.5235968691318	1986.9017055069353	1987.5001535383194	0	1988.0173252835025	1988.088284944131	1987.6136417565112	[-5]	1
v	14	1989.8213175229916	1990.5017689749143	1991.0948062173989	0	1991.6125559891957	1991.687877123365	1991.4148313911146	[-5]	1
n	15	1993.4465875492738	1993.6989290086435	1994.2892460775884	0	1994.7448727674855	1994.8850034936127	1994.7128730796421	[-5]	0
[]	16	1996.6687431287496	1996.7971073216431	1997.4026870848002	0	0.0	1998.0100719495344	1997.4030200248453	[-5]	na
v	17	1999.7902416134825	2000.1938499281982	2000.7888392420955	0	2001.151535427377	2001.3798776127173	2001.3058528478896	[-5]	1
v	18	2003.1635708579342	2003.5167796035425	2004.1177470591665	0	2004.4883274781973	2004.728580378131	2004.2287507481915	[-5]	1
n	19	2006.5119119461842	2006.9405071855113	2007.5393086834542	0	2007.9488586879397	2008.1265525228318	2007.8522632944068	[5]	1
v	20	2009.8850494730023	2010.338790512153	2010.9433431285856	0	2011.4148938769517	2011.5501787038247	2011.0516475811146	[-5]	1
v	21	2013.334003729257	2013.5614071171167	2014.1627489763428	0	2014.568985180525	2014.7732661870032	2014.4756149127584	[-5]	1
n	22	2016.5598282177157	2017.088312860189	2017.694503492381	0	2018.2242062633886	2018.2968958985562	2018.0990699847366	[5]	1
v	23	2020.0554027014532	2020.5612424944802	2021.1657138259202	0	2021.748658267064	2021.7771510349057	2021.3720873903985	[5]	0
n	24	2023.5546703154596	2023.9834523460572	2024.58814454278	0	2025.0071917544283	2025.1948064637168	2024.9967030314374	[5]	1
v	25	2027.00363319285	2027.4573688951073	2028.0516192545265	0	2028.4294237746394	2028.6434491275	2028.2697647743685	[5]	0
[]	26	2030.4020515839488	2030.8558698027896	2031.4584826637174	0	0.0	2032.0699391676253	2031.6678333936811	[-5]	na
[]	27	2033.850888839078	2034.230874831785	2034.8283548328031	0	0.0	2035.4179169365902	2034.8286906465605	[-5]	na
n	28	2037.224238199513	2037.9802292729428	2038.5861366392514	0	2039.0268844807351	2039.1913268091862	2038.9939237415401	[5]	1
v	29	2040.9752511829429	2041.2024172843094	2041.801668723423	0	2042.179485148914	2042.3884782217801	2042.3143828457464	[5]	0
v	30	2044.1722441308539	2044.7268114032172	2045.332612442187	0	2045.6873714353146	2045.9380247089957	2045.5398152778016	[-5]	1
n	31	2047.6996026888091	2048.074821193543	2048.67795830162	0	2049.134376493869	2049.286370313079	2048.9877276082425	[5]	1
v	32	2051.070066842538	2051.574984995119	2052.1800154687803	0	2052.6605724301116	2052.785403514303	2052.4865218808527	[5]	0
[]	33	2054.56904995907	2054.922339989671	2055.5219079476196	0	0.0	2056.112152352708	2055.8356281975175	[-5]	na
v	34	2057.917292930587	2058.3710746122338	2058.9752786884706	0	2059.2751612799457	2059.5829870510543	2059.0825527100333	[-5]	1
[]	35	2061.3703286787413	2062.247977933177	2062.850817817342	0	0.0	2063.462319479579	2062.8511647154164	[5]	na
[]	36	2065.243413247155	2065.7723441360267	2066.364320568305	0	0.0	2066.9616178833553	2066.36465227676	[5]	na
v	37	2068.7456752689177	2069.120422484907	2069.720178055187	0	2070.090235458659	2070.3066410659994	2070.2327891344135	[-5]	1
n	38	2072.090335542807	2072.443438371607	2073.039398179052	0	2073.527235894642	2073.629586341494	2073.5554790600827	[-5]	0
v	39	2075.4132311441394	2075.7921706952	2076.396234780617	0	2076.7902039299347	2077.0028843856458	2076.6047020494493	[5]	0
[]	40	2078.786648242068	2078.913220470353	2079.50644778835	0	0.0	2080.1023952798873	2079.5067823705167	[5]	na
n	41	2081.883140917798	2081.9592548711466	2082.5551198461003	0	2082.9331563158134	2083.1453096506634	2082.8726990804944	[-5]	0
v	42	2084.90372285266	2085.4836797798243	2086.0936789012894	0	2086.5712057387314	2086.694908685753	2086.215596126893	[5]	0
v	43	2088.4284174797217	2088.8569971188986	2089.4730392458723	0	2089.9137292025885	2090.0682428565683	2089.8936923666824	[-5]	1
n	44	2091.8042883170474	2092.2302816155516	2092.831470346988	0	2093.289306100244	2093.4415655325356	2093.2437732821977	[5]	1
[]	45	2095.177246442139	2095.6036572499233	2096.209945998849	0	0.0	2096.818103481543	2096.7179098754696	[5]	na
n	46	2098.598760034386	2099.0022012632835	2099.6010228772097	0	2099.9913071068645	2100.1882203266673	2100.019853654171	[-5]	0
v	47	2101.946640097148	2102.199152747638	2102.802919198612	0	2103.210260960799	2103.410435022501	2103.009556734051	[-5]	1
v	48	2105.1439930801016	2105.4471824076286	2106.0517756665577	0	2106.6015012302055	2106.657979435718	2106.5607724373262	[-5]	1
v	1	2248.8163480541275	2249.371121412684	2249.968069777008	0	2250.323465913108	2250.5781748152817	2250.377833171995	[5]	0
n	2	2252.3620856415396	2254.5027649213384	2255.0965620553443	0	2255.5726721528395	2255.6885750248166	2255.2146067489534	[-5]	0
v	3	2257.447394651776	2257.8758055630137	2258.4757959566055	0	2258.8861091368544	2259.061884974346	2258.8933852900436	[5]	0
[]	4	2260.820602379269	2261.3261810750473	2261.930902008889	0	0.0	2262.5387959311524	2261.931242338479	[5]	na
v	5	2264.3196487174623	2264.622670548641	2265.2232796113426	0	2265.7289643091663	2265.833768495415	2265.7394085244146	[-5]	1
n	6	2267.617623900087	2267.92032798084	2268.5234043304376	0	2268.917544260346	2269.131577413282	2269.0323629218915	[5]	1
v	7	2270.8906478742333	2271.2943637478784	2271.8991162925504	0	2272.2543100372295	2272.5049091209153	2272.3048975439615	[5]	0
n	8	2274.288749335967	2275.094945797689	2275.694396754512	0	2276.008608083844	2276.281018230007	2276.2069364014724	[-5]	0
[]	9	2278.064832992183	2278.971698454025	2279.5699966418624	0	0.0	2280.1607767889473	2279.5703509294817	[5]	na
v	10	2281.966955187337	2282.3703200576056	2282.9769084936247	0	2283.292350182163	2283.5815493740647	2283.182841559128	[-5]	1
v	11	2285.340012250223	2285.76862350023	2286.362531477408	0	2286.9028214134337	2286.954773933299	2286.6820303513236	[-5]	1
n	12	2288.713197398552	2289.2427079561585	2289.840870258478	0	2290.2509646260955	2290.4287549356	2290.0521915337163	[-5]	0
v	13	2292.1646936582106	2292.6161135592397	2293.2122966951492	0	2293.6209049432055	2293.802098138081	2293.728105394614	[5]	0
n	14	2295.5859945957795	2296.1153245200694	2296.720102928148	0	2297.3276504481046	2297.334821916076	2297.0285039373957	[5]	1
v	15	2299.1102220393996	2299.262004110229	2299.86237958121	0	2300.2903238047725	2300.4733011641815	2300.275875517371	[-5]	1
n	16	2302.2570633784835	2303.0130031356302	2303.6154854479337	0	2303.9932973575915	2304.2242377889825	2303.9258011703396	[-5]	0
[]	17	2305.9828377822496	2306.58916471049	2307.192068226846	0	0.0	2307.8018095353045	2307.500717196374	[-5]	na
n	18	2309.5828285863718	2310.1372919945775	2310.742102424017	0	2311.274119764662	2311.3485192583853	2311.252090625377	[-5]	0
[]	19	2313.1323717893456	2313.5609485548102	2314.1645622885258	0	0.0	2314.775312680377	2314.1649153445537	[-5]	na
n	20	2316.5559721069317	2317.087205660063	2317.691992278747	0	2318.054790275534	2318.2965502320726	2317.9979387275366	[-5]	0
v	21	2320.0580810009055	2320.231952063202	2320.834743915326	0	2321.166039461658	2321.4433123388158	2321.3445818626087	[5]	0
v	22	2323.227184164698	2323.6557724250106	2324.2570453151516	0	2324.63488924617	2324.8693507956486	2324.362510950895	[5]	0
n	23	2326.675923713624	2327.079397784943	2327.676387612824	0	2328.21036975132	2328.2654927964254	2327.891491513929	[5]	1
v	24	2330.0240373681067	2330.578554966308	2331.1790835650777	0	2331.72901603598	2331.7899123682096	2331.4917672260553	[5]	0
n	25	2333.573591244867	2333.9771412642854	2334.570428930232	0	2335.0198241812286	2335.163754775493	2334.6863593929734	[5]	1
v	26	2336.946703318809	2337.325243834451	2337.9279884755942	0	2338.322033162481	2338.536495730075	2338.1377957152135	[5]	0
b	27	2340.320388082471	2340.8998137834715	2341.5050692277186	0	2342.070491416069	2342.111826391677	2341.8130252221586	[5]	
[]	28	2343.3664791364413	2343.442790965378	2344.036740406113	0	0.0	2344.656377546622	2344.037070882977	[-5]	na
[]	29	2346.46275423113	2346.6396570594375	2347.2397743068814	0	0.0	2347.8283162429584	2347.2401166891227	[-5]	na
n	30	2349.6347766756408	2349.687553625516	2350.2809890823582	0	2350.743158803627	2350.872420740974	2350.6993777182233	[-5]	0
v	31	2352.6304952555015	2353.008724999733	2353.6161295699203	0	2354.0952024643416	2354.2199473371775	2353.7204145206197	[5]	0
n	32	2355.9786766474786	2356.2814041284564	2356.880989328676	0	2357.259023335208	2357.4674515184283	2357.292428918737	[-5]	0
v	33	2359.2261036490395	2359.5287966454753	2360.1254330067977	0	2360.514823512064	2360.7154939048573	2360.2386757278905	[-5]	1
v	34	2362.4735478928715	2362.6000577205555	2363.1942596374033	0	2363.6190382620885	2363.786168742718	2363.4149069286836	[-5]	1
n	35	2365.5446086291818	2365.8474884168886	2366.442717890991	0	2366.883070391829	2367.0336027232934	2366.760714634665	[5]	1
v	36	2368.817363295474	2369.1957022407564	2369.802951219973	0	2370.149328006139	2370.406952494259	2370.0088066952558	[-5]	1
n	37	2372.168865877299	2372.4681506514703	2373.069499079181	0	2373.6191560842744	2373.6795708645027	2373.176886817627	[5]	1
[]	38	2375.438467260622	2375.791465404204	2376.3979122072815	0	0.0	2377.005657107059	2376.398257873765	[5]	na
v	39	2378.786401923909	2379.0639269518865	2379.664300370216	0	2380.1775347196226	2380.2507280754257	2379.774609852562	[-5]	1
n	40	2382.033764472218	2382.537919038505	2383.13455868407	0	2383.497880928006	2383.724031702789	2383.6500065274313	[-5]	0
n	41	2385.507809927771	2385.810659336238	2386.4164361539224	0	2386.8178806488454	2387.0217609777847	2386.6229139930883	[5]	1
v	42	2388.7553087721285	2389.1587672432975	2389.7484611273	0	2390.2795625749222	2390.344836391373	2390.2726992447065	[5]	0
n	43	2392.1286716800623	2392.3306911605446	2392.9255519784683	0	2393.4807273313913	2393.516662602417	2393.143212662067	[5]	1
v	44	2395.2500860060904	2395.4774372566067	2396.067618440034	0	2396.520978181805	2396.6635839949026	2396.1890598610603	[-5]	1
v	45	2398.396766827841	2398.851096156862	2399.4563741802735	0	2400.0128849881503	2400.062062323421	2399.86595078399	[-5]	1
[]	46	2401.845871748703	2402.199142894912	2402.805313821651	0	0.0	2403.413351429507	2402.805659077604	[5]	na
[]	47	2405.1939854031857	2405.650334951644	2406.256266539238	0	0.0	2406.861595468403	2406.256597426632	[-5]	na
n	48	2408.6680702696444	2408.8448967393224	2409.4442881692567	0	2409.8687490435163	2410.0318119902754	2409.8556037791773	[5]	1
