trial	speed	player_pos	ball_pos	direction	distance	broad	jitter	trial_nr	block
33	0.5	4	0	-	6.0	3.0	0.9	1	0
37	0.5	4	0	-	6.5	3.25	0.45	2	0
41	0.5	4	0	-	7.0	3.5	0.75	3	0
50	0.5	4	0	-	8.0	4.0	0.9	4	0
22	0.5	4	0	-	4.5	2.25	0.75	5	0
32	0.5	4	0	+	5.5	2.75	0.45	6	0
4	0.5	4	0	+	2.0	1.0	0.9	7	0
53	0.5	4	0	-	8.5	4.25	0.9	8	0
40	0.5	4	0	+	6.5	3.25	0.45	9	0
42	0.5	4	0	-	7.0	3.5	0.45	10	0
10	0.5	4	0	-	3.0	1.5	0.6	11	0
45	0.5	4	0	-	7.5	3.75	0.75	12	0
15	0.5	4	0	+	3.5	1.75	0.45	13	0
17	0.5	4	0	-	4.0	2.0	0.9	14	0
30	0.5	4	0	-	5.5	2.75	0.3	15	0
35	0.5	4	0	+	6.0	3.0	0.9	16	0
5	0.5	4	0	-	2.5	1.25	0.75	17	0
39	0.5	4	0	+	6.5	3.25	0.45	18	0
27	0.5	4	0	+	5.0	2.5	0.9	19	0
34	0.5	4	0	-	6.0	3.0	0.3	20	0
1	0.5	4	0	-	2.0	1.0	0.45	21	0
24	0.5	4	0	+	4.5	2.25	0.45	22	0
20	0.5	4	0	+	4.0	2.0	0.6	23	0
2	0.5	4	0	-	2.0	1.0	0.6	24	0
43	0.5	4	0	+	7.0	3.5	0.9	25	0
54	0.5	4	0	-	8.5	4.25	0.45	26	0
12	0.5	4	0	+	3.0	1.5	0.75	27	0
8	0.5	4	0	+	2.5	1.25	0.45	28	0
25	0.5	4	0	-	5.0	2.5	0.3	29	0
6	0.5	4	0	-	2.5	1.25	0.3	30	0
16	0.5	4	0	+	3.5	1.75	0.9	31	0
9	0.5	4	0	-	3.0	1.5	0.3	32	0
55	0.5	4	0	+	8.5	4.25	0.9	33	0
21	0.5	4	0	-	4.5	2.25	0.45	34	0
47	0.5	4	0	+	7.5	3.75	0.75	35	0
31	0.5	4	0	+	5.5	2.75	0.45	36	0
46	0.5	4	0	-	7.5	3.75	0.45	37	0
7	0.5	4	0	+	2.5	1.25	0.6	38	0
26	0.5	4	0	-	5.0	2.5	0.9	39	0
28	0.5	4	0	+	5.0	2.5	0.6	40	0
56	0.5	4	0	+	8.5	4.25	0.45	41	0
14	0.5	4	0	-	3.5	1.75	0.45	42	0
19	0.5	4	0	+	4.0	2.0	0.75	43	0
3	0.5	4	0	+	2.0	1.0	0.45	44	0
18	0.5	4	0	-	4.0	2.0	0.9	45	0
49	0.5	4	0	-	8.0	4.0	0.6	46	0
29	0.5	4	0	-	5.5	2.75	0.6	47	0
38	0.5	4	0	-	6.5	3.25	0.75	48	0
11	0.5	4	0	+	3.0	1.5	0.45	49	0
13	0.5	4	0	-	3.5	1.75	0.75	50	0
23	0.5	4	0	+	4.5	2.25	0.6	51	0
36	0.5	4	0	+	6.0	3.0	0.9	52	0
48	0.5	4	0	+	7.5	3.75	0.75	53	0
52	0.5	4	0	+	8.0	4.0	0.6	54	0
51	0.5	4	0	+	8.0	4.0	0.3	55	0
44	0.5	4	0	+	7.0	3.5	0.6	56	0
30	0.5	4	0	-	5.5	2.75	0.3	1	1
25	0.5	4	0	-	5.0	2.5	0.3	2	1
12	0.5	4	0	+	3.0	1.5	0.75	3	1
47	0.5	4	0	+	7.5	3.75	0.75	4	1
24	0.5	4	0	+	4.5	2.25	0.45	5	1
45	0.5	4	0	-	7.5	3.75	0.75	6	1
51	0.5	4	0	+	8.0	4.0	0.3	7	1
35	0.5	4	0	+	6.0	3.0	0.9	8	1
2	0.5	4	0	-	2.0	1.0	0.6	9	1
52	0.5	4	0	+	8.0	4.0	0.6	10	1
33	0.5	4	0	-	6.0	3.0	0.9	11	1
20	0.5	4	0	+	4.0	2.0	0.6	12	1
26	0.5	4	0	-	5.0	2.5	0.9	13	1
40	0.5	4	0	+	6.5	3.25	0.45	14	1
43	0.5	4	0	+	7.0	3.5	0.9	15	1
53	0.5	4	0	-	8.5	4.25	0.9	16	1
3	0.5	4	0	+	2.0	1.0	0.45	17	1
8	0.5	4	0	+	2.5	1.25	0.45	18	1
21	0.5	4	0	-	4.5	2.25	0.45	19	1
4	0.5	4	0	+	2.0	1.0	0.9	20	1
31	0.5	4	0	+	5.5	2.75	0.45	21	1
10	0.5	4	0	-	3.0	1.5	0.6	22	1
55	0.5	4	0	+	8.5	4.25	0.9	23	1
27	0.5	4	0	+	5.0	2.5	0.9	24	1
13	0.5	4	0	-	3.5	1.75	0.75	25	1
1	0.5	4	0	-	2.0	1.0	0.45	26	1
44	0.5	4	0	+	7.0	3.5	0.6	27	1
17	0.5	4	0	-	4.0	2.0	0.9	28	1
54	0.5	4	0	-	8.5	4.25	0.45	29	1
18	0.5	4	0	-	4.0	2.0	0.9	30	1
7	0.5	4	0	+	2.5	1.25	0.6	31	1
15	0.5	4	0	+	3.5	1.75	0.45	32	1
9	0.5	4	0	-	3.0	1.5	0.3	33	1
41	0.5	4	0	-	7.0	3.5	0.75	34	1
50	0.5	4	0	-	8.0	4.0	0.9	35	1
19	0.5	4	0	+	4.0	2.0	0.75	36	1
38	0.5	4	0	-	6.5	3.25	0.75	37	1
46	0.5	4	0	-	7.5	3.75	0.45	38	1
49	0.5	4	0	-	8.0	4.0	0.6	39	1
29	0.5	4	0	-	5.5	2.75	0.6	40	1
11	0.5	4	0	+	3.0	1.5	0.45	41	1
48	0.5	4	0	+	7.5	3.75	0.75	42	1
37	0.5	4	0	-	6.5	3.25	0.45	43	1
28	0.5	4	0	+	5.0	2.5	0.6	44	1
5	0.5	4	0	-	2.5	1.25	0.75	45	1
36	0.5	4	0	+	6.0	3.0	0.9	46	1
39	0.5	4	0	+	6.5	3.25	0.45	47	1
34	0.5	4	0	-	6.0	3.0	0.3	48	1
16	0.5	4	0	+	3.5	1.75	0.9	49	1
6	0.5	4	0	-	2.5	1.25	0.3	50	1
22	0.5	4	0	-	4.5	2.25	0.75	51	1
23	0.5	4	0	+	4.5	2.25	0.6	52	1
56	0.5	4	0	+	8.5	4.25	0.45	53	1
14	0.5	4	0	-	3.5	1.75	0.45	54	1
42	0.5	4	0	-	7.0	3.5	0.45	55	1
32	0.5	4	0	+	5.5	2.75	0.45	56	1
24	0.5	4	0	+	4.5	2.25	0.45	1	2
54	0.5	4	0	-	8.5	4.25	0.45	2	2
19	0.5	4	0	+	4.0	2.0	0.75	3	2
40	0.5	4	0	+	6.5	3.25	0.45	4	2
34	0.5	4	0	-	6.0	3.0	0.3	5	2
53	0.5	4	0	-	8.5	4.25	0.9	6	2
10	0.5	4	0	-	3.0	1.5	0.6	7	2
27	0.5	4	0	+	5.0	2.5	0.9	8	2
35	0.5	4	0	+	6.0	3.0	0.9	9	2
9	0.5	4	0	-	3.0	1.5	0.3	10	2
23	0.5	4	0	+	4.5	2.25	0.6	11	2
56	0.5	4	0	+	8.5	4.25	0.45	12	2
13	0.5	4	0	-	3.5	1.75	0.75	13	2
43	0.5	4	0	+	7.0	3.5	0.9	14	2
42	0.5	4	0	-	7.0	3.5	0.45	15	2
12	0.5	4	0	+	3.0	1.5	0.75	16	2
22	0.5	4	0	-	4.5	2.25	0.75	17	2
1	0.5	4	0	-	2.0	1.0	0.45	18	2
2	0.5	4	0	-	2.0	1.0	0.6	19	2
45	0.5	4	0	-	7.5	3.75	0.75	20	2
29	0.5	4	0	-	5.5	2.75	0.6	21	2
15	0.5	4	0	+	3.5	1.75	0.45	22	2
30	0.5	4	0	-	5.5	2.75	0.3	23	2
38	0.5	4	0	-	6.5	3.25	0.75	24	2
37	0.5	4	0	-	6.5	3.25	0.45	25	2
8	0.5	4	0	+	2.5	1.25	0.45	26	2
4	0.5	4	0	+	2.0	1.0	0.9	27	2
46	0.5	4	0	-	7.5	3.75	0.45	28	2
39	0.5	4	0	+	6.5	3.25	0.45	29	2
44	0.5	4	0	+	7.0	3.5	0.6	30	2
11	0.5	4	0	+	3.0	1.5	0.45	31	2
51	0.5	4	0	+	8.0	4.0	0.3	32	2
20	0.5	4	0	+	4.0	2.0	0.6	33	2
31	0.5	4	0	+	5.5	2.75	0.45	34	2
41	0.5	4	0	-	7.0	3.5	0.75	35	2
49	0.5	4	0	-	8.0	4.0	0.6	36	2
47	0.5	4	0	+	7.5	3.75	0.75	37	2
50	0.5	4	0	-	8.0	4.0	0.9	38	2
33	0.5	4	0	-	6.0	3.0	0.9	39	2
52	0.5	4	0	+	8.0	4.0	0.6	40	2
28	0.5	4	0	+	5.0	2.5	0.6	41	2
18	0.5	4	0	-	4.0	2.0	0.9	42	2
48	0.5	4	0	+	7.5	3.75	0.75	43	2
16	0.5	4	0	+	3.5	1.75	0.9	44	2
55	0.5	4	0	+	8.5	4.25	0.9	45	2
17	0.5	4	0	-	4.0	2.0	0.9	46	2
21	0.5	4	0	-	4.5	2.25	0.45	47	2
3	0.5	4	0	+	2.0	1.0	0.45	48	2
25	0.5	4	0	-	5.0	2.5	0.3	49	2
32	0.5	4	0	+	5.5	2.75	0.45	50	2
5	0.5	4	0	-	2.5	1.25	0.75	51	2
14	0.5	4	0	-	3.5	1.75	0.45	52	2
26	0.5	4	0	-	5.0	2.5	0.9	53	2
6	0.5	4	0	-	2.5	1.25	0.3	54	2
36	0.5	4	0	+	6.0	3.0	0.9	55	2
7	0.5	4	0	+	2.5	1.25	0.6	56	2
26	0.5	4	0	-	5.0	2.5	0.9	1	3
4	0.5	4	0	+	2.0	1.0	0.9	2	3
46	0.5	4	0	-	7.5	3.75	0.45	3	3
55	0.5	4	0	+	8.5	4.25	0.9	4	3
29	0.5	4	0	-	5.5	2.75	0.6	5	3
53	0.5	4	0	-	8.5	4.25	0.9	6	3
48	0.5	4	0	+	7.5	3.75	0.75	7	3
40	0.5	4	0	+	6.5	3.25	0.45	8	3
13	0.5	4	0	-	3.5	1.75	0.75	9	3
6	0.5	4	0	-	2.5	1.25	0.3	10	3
54	0.5	4	0	-	8.5	4.25	0.45	11	3
43	0.5	4	0	+	7.0	3.5	0.9	12	3
15	0.5	4	0	+	3.5	1.75	0.45	13	3
47	0.5	4	0	+	7.5	3.75	0.75	14	3
34	0.5	4	0	-	6.0	3.0	0.3	15	3
21	0.5	4	0	-	4.5	2.25	0.45	16	3
1	0.5	4	0	-	2.0	1.0	0.45	17	3
18	0.5	4	0	-	4.0	2.0	0.9	18	3
41	0.5	4	0	-	7.0	3.5	0.75	19	3
17	0.5	4	0	-	4.0	2.0	0.9	20	3
38	0.5	4	0	-	6.5	3.25	0.75	21	3
23	0.5	4	0	+	4.5	2.25	0.6	22	3
37	0.5	4	0	-	6.5	3.25	0.45	23	3
35	0.5	4	0	+	6.0	3.0	0.9	24	3
52	0.5	4	0	+	8.0	4.0	0.6	25	3
14	0.5	4	0	-	3.5	1.75	0.45	26	3
9	0.5	4	0	-	3.0	1.5	0.3	27	3
2	0.5	4	0	-	2.0	1.0	0.6	28	3
20	0.5	4	0	+	4.0	2.0	0.6	29	3
56	0.5	4	0	+	8.5	4.25	0.45	30	3
5	0.5	4	0	-	2.5	1.25	0.75	31	3
19	0.5	4	0	+	4.0	2.0	0.75	32	3
28	0.5	4	0	+	5.0	2.5	0.6	33	3
50	0.5	4	0	-	8.0	4.0	0.9	34	3
12	0.5	4	0	+	3.0	1.5	0.75	35	3
7	0.5	4	0	+	2.5	1.25	0.6	36	3
16	0.5	4	0	+	3.5	1.75	0.9	37	3
45	0.5	4	0	-	7.5	3.75	0.75	38	3
31	0.5	4	0	+	5.5	2.75	0.45	39	3
32	0.5	4	0	+	5.5	2.75	0.45	40	3
22	0.5	4	0	-	4.5	2.25	0.75	41	3
3	0.5	4	0	+	2.0	1.0	0.45	42	3
36	0.5	4	0	+	6.0	3.0	0.9	43	3
24	0.5	4	0	+	4.5	2.25	0.45	44	3
25	0.5	4	0	-	5.0	2.5	0.3	45	3
10	0.5	4	0	-	3.0	1.5	0.6	46	3
30	0.5	4	0	-	5.5	2.75	0.3	47	3
33	0.5	4	0	-	6.0	3.0	0.9	48	3
11	0.5	4	0	+	3.0	1.5	0.45	49	3
49	0.5	4	0	-	8.0	4.0	0.6	50	3
8	0.5	4	0	+	2.5	1.25	0.45	51	3
39	0.5	4	0	+	6.5	3.25	0.45	52	3
51	0.5	4	0	+	8.0	4.0	0.3	53	3
27	0.5	4	0	+	5.0	2.5	0.9	54	3
44	0.5	4	0	+	7.0	3.5	0.6	55	3
42	0.5	4	0	-	7.0	3.5	0.45	56	3
41	0.5	4	0	-	7.0	3.5	0.75	1	4
34	0.5	4	0	-	6.0	3.0	0.3	2	4
16	0.5	4	0	+	3.5	1.75	0.9	3	4
45	0.5	4	0	-	7.5	3.75	0.75	4	4
44	0.5	4	0	+	7.0	3.5	0.6	5	4
52	0.5	4	0	+	8.0	4.0	0.6	6	4
54	0.5	4	0	-	8.5	4.25	0.45	7	4
23	0.5	4	0	+	4.5	2.25	0.6	8	4
9	0.5	4	0	-	3.0	1.5	0.3	9	4
1	0.5	4	0	-	2.0	1.0	0.45	10	4
20	0.5	4	0	+	4.0	2.0	0.6	11	4
29	0.5	4	0	-	5.5	2.75	0.6	12	4
12	0.5	4	0	+	3.0	1.5	0.75	13	4
39	0.5	4	0	+	6.5	3.25	0.45	14	4
48	0.5	4	0	+	7.5	3.75	0.75	15	4
7	0.5	4	0	+	2.5	1.25	0.6	16	4
32	0.5	4	0	+	5.5	2.75	0.45	17	4
13	0.5	4	0	-	3.5	1.75	0.75	18	4
28	0.5	4	0	+	5.0	2.5	0.6	19	4
25	0.5	4	0	-	5.0	2.5	0.3	20	4
31	0.5	4	0	+	5.5	2.75	0.45	21	4
33	0.5	4	0	-	6.0	3.0	0.9	22	4
14	0.5	4	0	-	3.5	1.75	0.45	23	4
43	0.5	4	0	+	7.0	3.5	0.9	24	4
4	0.5	4	0	+	2.0	1.0	0.9	25	4
30	0.5	4	0	-	5.5	2.75	0.3	26	4
3	0.5	4	0	+	2.0	1.0	0.45	27	4
11	0.5	4	0	+	3.0	1.5	0.45	28	4
46	0.5	4	0	-	7.5	3.75	0.45	29	4
35	0.5	4	0	+	6.0	3.0	0.9	30	4
53	0.5	4	0	-	8.5	4.25	0.9	31	4
36	0.5	4	0	+	6.0	3.0	0.9	32	4
26	0.5	4	0	-	5.0	2.5	0.9	33	4
40	0.5	4	0	+	6.5	3.25	0.45	34	4
51	0.5	4	0	+	8.0	4.0	0.3	35	4
55	0.5	4	0	+	8.5	4.25	0.9	36	4
8	0.5	4	0	+	2.5	1.25	0.45	37	4
5	0.5	4	0	-	2.5	1.25	0.75	38	4
18	0.5	4	0	-	4.0	2.0	0.9	39	4
10	0.5	4	0	-	3.0	1.5	0.6	40	4
47	0.5	4	0	+	7.5	3.75	0.75	41	4
50	0.5	4	0	-	8.0	4.0	0.9	42	4
15	0.5	4	0	+	3.5	1.75	0.45	43	4
49	0.5	4	0	-	8.0	4.0	0.6	44	4
42	0.5	4	0	-	7.0	3.5	0.45	45	4
19	0.5	4	0	+	4.0	2.0	0.75	46	4
24	0.5	4	0	+	4.5	2.25	0.45	47	4
37	0.5	4	0	-	6.5	3.25	0.45	48	4
56	0.5	4	0	+	8.5	4.25	0.45	49	4
21	0.5	4	0	-	4.5	2.25	0.45	50	4
2	0.5	4	0	-	2.0	1.0	0.6	51	4
27	0.5	4	0	+	5.0	2.5	0.9	52	4
17	0.5	4	0	-	4.0	2.0	0.9	53	4
6	0.5	4	0	-	2.5	1.25	0.3	54	4
22	0.5	4	0	-	4.5	2.25	0.75	55	4
38	0.5	4	0	-	6.5	3.25	0.75	56	4
