# Created by Octave 5.1.0, Wed Jan 22 17:15:53 2020 GMT <unknown@T480s-Touch>
# name: octave_data
# type: sq_string
# elements: 576
# length: 157
ck	10	1	1	H	1	0.148598	89.1611	0.588595	0.253564	2	1.57865e+09	1373.61	1374.22	1374.46	1374.37	1374.53	1374.9	1374.9	0.246785	0.149971	0.161782	0            
# length: 157
ck	10	1	2	H	2	0.0609612	36.5776	0.83299	0.253564	NaN	1.57865e+09	1375.76	1376.6	1376.9	1376.67	1376.97	1377.28	1377.28	0.298365	0.0668902	0.30637	0          
# length: 157
ck	10	1	3	H	1	0.00940905	5.64557	0.991948	0.253564	NaN	1.57865e+09	1378.04	1379.03	1379.33	1379.05	1379.5	1379.72	1379.72	0.294558	0.0166513	0.447689	0      
# length: 157
ck	10	1	4	H	1	0.129038	77.4249	0.776472	0.253564	NaN	1.57865e+09	1380.6	1381.38	1381.69	1381.52	1381.76	1382.07	1382.07	0.304559	0.133493	0.241025	0         
# length: 157
ck	10	1	5	H	2	0.131925	79.1569	0.973104	0.253564	NaN	1.57865e+09	1382.7	1383.67	1383.96	1383.81	1384.06	1384.36	1384.36	0.28235	0.133069	0.249128	0          
# length: 157
ck	10	1	6	H	2	0.0827097	49.6271	0.655019	0.253564	2	1.57865e+09	1385.05	1385.71	1385.93	1385.79	1386.02	1386.39	1386.39	0.224039	0.0832036	0.230714	1        
# length: 157
ck	10	1	7	H	1	0.0354989	21.2999	0.84151	0.253564	1	1.57865e+09	1386.96	1387.81	1388.05	1387.85	1388.16	1388.49	1388.49	0.239208	0.0418561	0.307351	1         
# length: 157
ck	10	1	8	H	1	0.100146	60.089	0.701643	0.253564	2	1.57865e+09	1389.12	1389.82	1390.07	1389.93	1390.15	1390.51	1390.51	0.247695	0.108279	0.214102	0           
# length: 157
ck	10	1	9	H	1	0.0356562	21.3942	0.54773	0.253564	NaN	1.57865e+09	1391.14	1391.7	1392.01	1391.74	1392.08	1392.38	1392.38	0.307446	0.0418939	0.340525	0        
# length: 157
ck	10	1	10	H	2	0.116743	70.0475	0.560048	0.253564	NaN	1.57865e+09	1393.2	1393.77	1394.07	1393.88	1394.17	1394.44	1394.44	0.304948	0.116871	0.288739	0        
# length: 157
ck	10	1	11	H	1	0.168042	100.828	0.776031	0.253564	NaN	1.57865e+09	1395	1395.78	1396.07	1395.96	1396.47	1396.47	1396.47	0.288846	0.17516	0.508343	0           
# length: 157
ck	10	1	12	H	2	0.045342	27.2059	0.746437	0.253564	2	1.57865e+09	1397.28	1398.03	1398.23	1398.08	1398.35	1398.72	1398.72	0.198915	0.0501858	0.263651	1        
# length: 157
ck	10	1	13	H	2	0.00162289	0.973762	0.636273	0.253564	NaN	1.57865e+09	1399.23	1399.87	1400.13	1399.88	1400.26	1400.56	1400.56	0.256938	0.00849184	0.37333	0   
# length: 157
ck	10	1	14	H	2	0.0665261	39.9167	0.572534	0.253564	2	1.57865e+09	1401.41	1401.98	1402.22	1402.05	1402.42	1402.67	1402.67	0.238383	0.0665634	0.371803	1       
# length: 157
ck	10	1	15	H	2	0.0191303	11.4785	0.60599	0.253564	NaN	1.57865e+09	1403.41	1404.02	1404.28	1404.04	1404.42	1404.7	1404.7	0.265126	0.0248651	0.380447	0        
# length: 157
ck	10	1	16	H	1	0.130882	78.5312	0.650553	0.253564	1	1.57865e+09	1405.41	1406.07	1406.31	1406.2	1406.41	1406.75	1406.75	0.24042	0.133659	0.206818	1           
# length: 157
ck	10	1	17	H	2	0.105235	63.1425	0.663351	0.253564	2	1.57865e+09	1407.39	1408.06	1408.3	1408.17	1408.39	1408.74	1408.74	0.240569	0.108544	0.220129	1          
# length: 157
ck	10	1	18	H	2	0.113687	68.214	0.717415	0.253564	2	1.57865e+09	1409.29	1410.02	1410.23	1410.13	1410.35	1410.7	1410.7	0.210399	0.116835	0.213316	1            
# length: 157
ck	10	1	19	H	1	0.104275	62.5664	0.884424	0.253564	1	1.57865e+09	1411.34	1412.23	1412.3	1412.34	1412.46	1412.92	1412.92	0.0635453	0.108298	0.119892	1         
# length: 157
ck	10	1	20	H	2	0.100875	60.5264	0.751491	0.253564	NaN	1.57865e+09	1413.79	1414.55	1414.81	1414.66	1414.87	1415.23	1415.23	0.256573	0.108507	0.213133	0       
# length: 157
ck	10	1	21	H	2	0.0593422	35.6062	0.689936	0.253564	NaN	1.57865e+09	1415.81	1416.51	1416.76	1416.57	1416.85	1417.19	1417.19	0.253728	0.0668743	0.271406	0     
# length: 157
ck	10	1	22	H	1	0.152849	91.7116	0.591538	0.253564	NaN	1.57865e+09	1417.78	1418.38	1418.62	1418.53	1419.06	1419.06	1419.06	0.248453	0.158302	0.525035	0       
# length: 157
ck	10	1	23	H	1	0.00857748	5.14662	0.877441	0.253564	NaN	1.57865e+09	1419.7	1420.58	1420.84	1420.6	1420.92	1421.27	1421.27	0.257703	0.0168518	0.315856	0      
# length: 157
ck	10	1	24	H	2	0.0924466	55.4694	0.841468	0.253564	NaN	1.57865e+09	1423.46	1424.31	1424.58	1424.41	1424.66	1424.99	1424.99	0.270021	0.100164	0.253033	0      
# length: 157
ck	10	1	25	H	2	0.142018	85.2132	0.711056	0.253564	2	1.57865e+09	1425.71	1426.43	1426.62	1426.58	1426.73	1427.12	1427.12	0.188316	0.150165	0.147791	1         
# length: 157
ck	10	1	26	H	1	0.106051	63.6323	0.978649	0.253564	1	1.57865e+09	1427.7	1428.68	1428.69	1428.79	1428.72	1429.37	1429.37	0.00291023	0.108518	-0.0752773	1      
# length: 157
ck	10	1	27	H	2	0.0486295	29.1785	0.606544	0.253564	2	1.57865e+09	1430.17	1430.79	1431.01	1430.84	1431.12	1431.48	1431.48	0.214627	0.0501785	0.279374	1       
# length: 157
ck	10	1	28	H	1	0.155387	93.2345	0.515957	0.253564	2	1.57865e+09	1432.29	1432.82	1433.06	1432.98	1433.14	1433.5	1433.5	0.241908	0.158549	0.16118	0            
# length: 157
ck	10	1	29	H	1	0.130116	78.0717	0.650149	0.253564	NaN	1.57865e+09	1434.14	1434.8	1435.06	1434.93	1435.17	1435.48	1435.48	0.261181	0.13351	0.235275	0         
# length: 157
ck	10	1	30	H	2	0.0334067	20.0445	0.627113	0.253564	2	1.57865e+09	1436.19	1436.82	1436.83	1436.86	1436.93	1437.5	1437.5	0.0114627	0.0414457	0.0724069	1       
# length: 157
ck	10	1	31	H	2	0.156242	93.7475	0.513687	0.253564	2	1.57865e+09	1438.59	1439.11	1439.3	1439.27	1439.48	1439.79	1439.79	0.193153	0.158319	0.209836	1          
# length: 157
ck	10	1	32	H	1	0.162937	97.7647	0.527958	0.253564	NaN	1.57865e+09	1440.36	1440.9	1441.16	1441.07	1441.31	1441.58	1441.58	0.261316	0.166848	0.239233	0        
# length: 157
ck	10	1	33	H	1	0.0905089	54.3067	0.847862	0.253564	NaN	1.57865e+09	1442.2	1443.05	1442.69	1443.14	1443.4	1443.73	1443.73	-0.358759	0.0917494	0.25438	0       
# length: 157
ck	10	1	34	H	2	0.0961646	57.7002	0.923655	0.253564	2	1.57865e+09	1444.44	1445.38	1445.61	1445.48	1445.72	1446.06	1446.06	0.236197	0.100211	0.240723	1        
# length: 157
ck	10	1	35	H	1	0.129633	77.7817	0.8471	0.253564	NaN	1.57865e+09	1446.68	1447.53	1447.79	1447.67	1447.9	1448.22	1448.22	0.257199	0.133273	0.230527	0          
# length: 157
ck	10	1	36	H	2	0.0233122	13.9877	0.56077	0.253564	2	1.57865e+09	1448.79	1449.36	1449.58	1449.38	1449.78	1450.04	1450.04	0.217364	0.0250232	0.397112	1        
# length: 157
ck	10	1	37	H	2	0.142578	85.5488	0.773411	0.253564	2	1.57865e+09	1450.62	1451.4	1451.6	1451.55	1451.72	1452.08	1452.08	0.196049	0.150196	0.16552	1            
# length: 157
ck	10	1	38	H	2	0.106831	64.1005	0.687228	0.253564	NaN	1.57865e+09	1452.65	1453.35	1453.64	1453.46	1453.76	1454.03	1454.03	0.294792	0.108569	0.29704	0        
# length: 157
ck	10	1	39	H	1	0.120265	72.1607	0.606317	0.253564	NaN	1.57865e+09	1454.58	1455.19	1454.97	1455.32	1455.52	1455.88	1455.88	-0.225731	0.12503	0.199115	0       
# length: 157
ck	10	1	40	H	2	0.130788	78.475	0.955909	0.253564	NaN	1.57865e+09	1456.82	1457.78	1457.86	1457.91	1458.12	1458.46	1458.46	0.0854379	0.13306	0.206917	0        
# length: 157
ck	10	1	41	H	2	0.14114	84.6862	0.87894	0.253564	2	1.57865e+09	1459.11	1459.99	1460.22	1460.13	1460.29	1460.68	1460.68	0.228841	0.141713	0.157744	1           
# length: 157
ck	10	1	42	H	1	0.0383954	23.0379	0.618343	0.253564	2	1.57865e+09	1462.21	1462.83	1463.04	1462.88	1463.17	1463.52	1463.52	0.20216	0.041704	0.29526	0          
# length: 157
ck	10	1	43	H	1	0.103314	61.9901	0.851983	0.253564	NaN	1.57865e+09	1464.27	1465.13	1465.02	1465.23	1465.52	1465.81	1465.81	-0.10449	0.108501	0.281598	0       
# length: 157
ck	10	1	44	H	2	0.0163015	9.78113	0.708799	0.253564	NaN	1.57865e+09	1466.58	1467.29	1467.61	1467.31	1467.69	1467.98	1467.98	0.313119	0.0167152	0.381358	0     
# length: 157
ck	10	1	45	H	2	0.109161	65.4984	0.544264	0.253564	2	1.57865e+09	1468.58	1469.13	1469.35	1469.25	1469.49	1469.82	1469.82	0.211766	0.116866	0.240178	1         
# length: 157
ck	10	1	46	H	1	0.147445	88.4694	0.736908	0.253564	2	1.57865e+09	1470.34	1471.08	1471.28	1471.23	1471.38	1471.77	1471.77	0.196804	0.149969	0.146454	0         
# length: 157
ck	10	1	47	H	1	0.156543	93.9283	0.745079	0.253564	1	1.57865e+09	1472.41	1473.16	1473.41	1473.32	1473.52	1473.84	1473.84	0.246292	0.15832	0.197987	1          
# length: 157
ck	10	1	48	H	1	0.115158	69.0967	0.577761	0.253564	NaN	1.57865e+09	1474.58	1475.16	1475.05	1475.28	1475.47	1475.84	1475.84	-0.11343	0.116466	0.194774	0       
# length: 157
ck	10	1	49	H	2	0.0957295	57.4391	0.99007	0.253564	NaN	1.57865e+09	1477.52	1478.52	1478.8	1478.62	1478.9	1479.2	1479.2	0.278285	0.100271	0.28258	0            
# length: 157
ck	10	1	50	H	2	0.119611	71.7685	0.517182	0.253564	2	1.57865e+09	1479.83	1480.36	1480.59	1480.48	1480.67	1481.04	1481.04	0.23159	0.12518	0.186117	1           
# length: 157
ck	10	1	51	H	2	0.144231	86.5409	0.826031	0.253564	2	1.57865e+09	1481.57	1482.4	1482.65	1482.55	1482.72	1483.08	1483.08	0.249689	0.150189	0.174295	1          
# length: 157
ck	10	1	52	H	1	0.144216	86.5316	0.735098	0.253564	1	1.57865e+09	1484.54	1485.28	1485.46	1485.43	1485.55	1485.96	1485.96	0.189222	0.149976	0.123949	1         
# length: 157
ck	10	1	53	H	1	0.00666722	4.00044	0.591778	0.253564	2	1.57865e+09	1486.77	1487.37	1487.59	1487.38	1487.7	1488.05	1488.05	0.223469	0.00891352	0.328431	0      
# length: 157
ck	10	1	54	H	1	0.014262	8.55741	0.658089	0.253564	NaN	1.57865e+09	1488.78	1489.44	1489.48	1489.46	1489.83	1490.13	1490.13	0.0381531	0.0165071	0.372321	0     
# length: 157
ck	10	1	55	H	1	0.0534627	32.0785	0.962931	0.253564	1	1.57865e+09	1490.84	1491.81	1492.04	1491.87	1492.22	1492.49	1492.49	0.230199	0.0582627	0.35699	1        
# length: 157
ck	10	1	56	H	1	0.0747182	44.8321	0.543106	0.253564	2	1.57865e+09	1493.28	1493.83	1494.06	1493.91	1494.21	1494.52	1494.52	0.230562	0.0751743	0.295886	0       
# length: 157
ck	10	1	57	H	1	0.0480219	28.8139	0.932473	0.253564	NaN	1.57865e+09	1495.14	1496.08	1496.33	1496.13	1496.46	1496.76	1496.76	0.257006	0.0501616	0.333629	0     
# length: 157
ck	10	1	58	H	1	0.0653982	39.2399	0.968146	0.253564	1	1.57865e+09	1497.46	1498.44	1498.68	1498.51	1498.82	1499.13	1499.13	0.242048	0.0667073	0.315104	1       
# length: 157
ck	10	1	59	H	2	0.0753337	45.2014	0.647108	0.253564	1	1.57865e+09	1499.83	1500.48	1500.69	1500.57	1500.86	1501.17	1501.17	0.204949	0.0834935	0.291992	0       
# length: 157
ck	10	1	60	H	2	0.138733	83.2417	0.788455	0.253564	NaN	1.57865e+09	1501.76	1502.55	1502.81	1502.69	1502.9	1503.23	1503.23	0.257833	0.141604	0.20667	0         
# length: 157
ck	10	1	61	H	2	0.0609612	36.5776	0.83299	0.253564	2	1.57865e+09	1503.84	1504.68	1504.88	1504.75	1505.01	1505.37	1505.37	0.200304	0.0668428	0.262911	1        
# length: 157
ck	10	1	62	H	1	0.00940905	5.64557	0.991948	0.253564	2	1.57865e+09	1505.93	1506.93	1507.16	1506.94	1507.27	1507.61	1507.61	0.238111	0.0167388	0.323126	0      
# length: 157
ck	10	1	63	H	1	0.129038	77.4249	0.776472	0.253564	2	1.57865e+09	1511.01	1511.79	1512.04	1511.93	1512.1	1512.48	1512.48	0.246215	0.133535	0.172675	0          
# length: 157
ck	10	1	64	H	2	0.131925	79.1569	0.973104	0.253564	NaN	1.57865e+09	1513	1513.98	1514.24	1514.11	1514.31	1514.66	1514.66	0.262263	0.132974	0.199463	0          
# length: 157
ck	10	1	65	H	1	0.0356562	21.3942	0.54773	0.253564	1	1.57865e+09	1515.34	1515.89	1516.13	1515.93	1516.27	1516.58	1516.58	0.241393	0.0417999	0.339204	1        
# length: 157
ck	10	1	66	H	2	0.116743	70.0475	0.560048	0.253564	NaN	1.57865e+09	1517.16	1517.73	1517.98	1517.85	1518.06	1518.41	1518.41	0.257633	0.12504	0.207297	0        
# length: 157
ck	10	1	67	H	1	0.168042	100.828	0.776031	0.253564	2	1.57865e+09	1518.97	1519.76	1519.96	1519.93	1520.06	1520.44	1520.44	0.204354	0.175237	0.128954	0         
# length: 157
ck	10	1	68	H	2	0.00162289	0.973762	0.636273	0.253564	2	1.57865e+09	1520.98	1521.63	1521.85	1521.63	1521.95	1522.31	1522.31	0.222586	0.00896932	0.313469	1    
# length: 157
ck	10	1	69	H	2	0.0191303	11.4785	0.60599	0.253564	NaN	1.57865e+09	1522.83	1523.44	1523.71	1523.47	1523.81	1524.13	1524.13	0.265917	0.0251575	0.34536	0       
# length: 157
ck	10	1	70	H	2	0.100875	60.5264	0.751491	0.253564	2	1.57865e+09	1524.68	1525.44	1525.68	1525.55	1525.76	1526.13	1526.13	0.240594	0.108531	0.207048	1         
# length: 157
ck	10	1	71	H	2	0.0593422	35.6062	0.689936	0.253564	2	1.57865e+09	1526.64	1527.33	1527.57	1527.4	1527.64	1528.02	1528.02	0.239094	0.0667821	0.237151	1        
# length: 157
ck	10	1	72	H	1	0.152849	91.7116	0.591538	0.253564	NaN	1.57865e+09	1529.42	1530.02	1530.3	1530.18	1530.4	1530.7	1530.7	0.280443	0.158315	0.222118	0           
# length: 157
ck	10	1	73	H	1	0.00857748	5.14662	0.877441	0.253564	NaN	1.57865e+09	1531.3	1532.18	1532.46	1532.19	1532.86	1532.86	1532.86	0.279092	0.00901996	0.666194	0    
# length: 157
ck	10	1	74	H	2	0.0924466	55.4694	0.841468	0.253564	1	1.57865e+09	1533.4	1534.25	1534.49	1534.35	1534.57	1534.93	1534.93	0.237124	0.0999526	0.222175	0        
# length: 157
ck	10	1	75	H	1	0.130116	78.0717	0.650149	0.253564	2	1.57865e+09	1535.48	1536.14	1536.37	1536.28	1536.46	1536.83	1536.83	0.231031	0.133511	0.187144	0         
# length: 157
ck	10	1	76	H	1	0.162937	97.7647	0.527958	0.253564	NaN	1.57865e+09	1537.28	1537.82	1538.11	1537.98	1538.19	1538.5	1538.5	0.290676	0.166864	0.203778	0         
# length: 157
ck	10	1	77	H	1	0.0905089	54.3067	0.847862	0.253564	2	1.57865e+09	1539.05	1539.9	1540.13	1539.99	1540.21	1540.58	1540.58	0.232227	0.0915951	0.215621	0        
# length: 157
ck	10	1	78	H	1	0.129633	77.7817	0.8471	0.253564	1	1.57865e+09	1541.08	1541.93	1542.18	1542.07	1542.25	1542.62	1542.62	0.249151	0.133438	0.180693	1           
# length: 157
ck	10	1	79	H	2	0.106831	64.1005	0.687228	0.253564	2	1.57865e+09	1543.21	1543.91	1544.16	1544.02	1544.3	1544.59	1544.59	0.249363	0.108511	0.280786	1          
# length: 157
ck	10	1	80	H	1	0.120265	72.1607	0.606317	0.253564	NaN	1.57865e+09	1545.11	1545.72	1545.99	1545.84	1546.06	1546.4	1546.4	0.271307	0.125146	0.215828	0         
# length: 157
ck	10	1	81	H	2	0.130788	78.475	0.955909	0.253564	NaN	1.57865e+09	1546.94	1547.91	1548.17	1548.04	1548.27	1548.59	1548.59	0.264317	0.133519	0.230841	0        
# length: 157
ck	10	1	82	H	1	0.103314	61.9901	0.851983	0.253564	1	1.57865e+09	1549.18	1550.03	1550.22	1550.14	1550.36	1550.72	1550.72	0.184434	0.108332	0.21573	1          
# length: 157
ck	10	1	83	H	2	0.0163015	9.78113	0.708799	0.253564	NaN	1.57865e+09	1551.24	1551.95	1552.23	1551.97	1552.36	1552.63	1552.63	0.282728	0.0167083	0.390616	0     
# length: 157
ck	10	1	84	H	1	0.115158	69.0967	0.577761	0.253564	NaN	1.57865e+09	1553.21	1553.79	1554.05	1553.91	1554.12	1554.48	1554.48	0.255556	0.116636	0.21385	0        
# length: 157
ck	10	1	85	H	2	0.0957295	57.4391	0.99007	0.253564	2	1.57865e+09	1555	1556	1556.24	1556.1	1556.33	1556.68	1556.68	0.237365	0.100189	0.232144	1                
# length: 157
ck	10	1	86	H	1	0.014262	8.55741	0.658089	0.253564	NaN	1.57865e+09	1557.26	1557.93	1558.21	1557.94	1558.29	1558.61	1558.61	0.282205	0.0168783	0.345546	0      
# length: 157
ck	10	1	87	H	1	0.0480219	28.8139	0.932473	0.253564	NaN	1.57865e+09	1560.12	1561.06	1561.32	1561.11	1561.42	1561.74	1561.74	0.263462	0.0499394	0.313497	0     
# length: 157
ck	10	1	88	H	2	0.138733	83.2417	0.788455	0.253564	1	1.57865e+09	1562.29	1563.09	1563.32	1563.23	1563.39	1563.78	1563.78	0.230348	0.14186	0.153354	0          
# length: 157
ck	10	1	89	H	2	0.131925	79.1569	0.973104	0.253564	1	1.57865e+09	1564.38	1565.37	1565.6	1565.5	1565.67	1566.05	1566.05	0.230006	0.133512	0.171666	0           
# length: 157
ck	10	1	90	H	2	0.116743	70.0475	0.560048	0.253564	2	1.57865e+09	1566.62	1567.18	1567.43	1567.3	1567.51	1567.86	1567.86	0.248396	0.116827	0.206409	1          
# length: 157
ck	10	1	91	H	2	0.0191303	11.4785	0.60599	0.253564	2	1.57865e+09	1568.35	1568.97	1569.21	1568.99	1569.29	1569.65	1569.65	0.237636	0.0252245	0.294742	1        
# length: 157
ck	10	1	92	H	1	0.152849	91.7116	0.591538	0.253564	2	1.57865e+09	1570.55	1571.15	1571.38	1571.31	1571.46	1571.83	1571.84	0.228013	0.158244	0.152988	0         
# length: 157
ck	10	1	93	H	1	0.00857748	5.14662	0.877441	0.253564	1	1.57865e+09	1572.46	1573.35	1573.54	1573.36	1573.68	1574.03	1574.03	0.186528	0.00896668	0.322552	1     
# length: 157
ck	10	1	94	H	1	0.162937	97.7647	0.527958	0.253564	1	1.57865e+09	1574.89	1575.43	1575.67	1575.59	1575.75	1576.11	1576.11	0.246636	0.166877	0.154727	1         
# length: 157
ck	10	1	95	H	1	0.120265	72.1607	0.606317	0.253564	2	1.57865e+09	1576.71	1577.32	1577.53	1577.44	1577.67	1578	1578	0.209752	0.124807	0.229682	0               
# length: 157
ck	10	1	96	H	2	0.130788	78.475	0.955909	0.253564	1	1.57865e+09	1578.52	1579.48	1579.71	1579.62	1579.79	1580.17	1580.17	0.228224	0.133504	0.169759	0          
# length: 157
ck	10	1	97	H	2	0.0163015	9.78113	0.708799	0.253564	2	1.57865e+09	1580.72	1581.44	1581.67	1581.46	1581.76	1582.13	1582.13	0.225111	0.0168763	0.302961	1       
# length: 157
ck	10	1	98	H	1	0.115158	69.0967	0.577761	0.253564	2	1.57865e+09	1582.67	1583.25	1583.49	1583.37	1583.58	1583.94	1583.94	0.236664	0.1166	0.214785	0           
# length: 157
ck	10	1	99	H	1	0.014262	8.55741	0.658089	0.253564	1	1.57865e+09	1584.54	1585.2	1585.44	1585.22	1585.52	1585.89	1585.89	0.236938	0.016716	0.304847	1          
# length: 157
ck	10	1	100	H	1	0.0480219	28.8139	0.932473	0.253564	NaN	1.57865e+09	1586.44	1587.38	1587.63	1587.43	1587.7	1588.06	1588.06	0.257021	0.0501959	0.271782	0     
# length: 157
ck	10	1	101	H	1	0.0480219	28.8139	0.932473	0.253564	NaN	1.57865e+09	1588.7	1589.64	1589.25	1589.69	1589.98	1590.32	1590.32	-0.381249	0.0497883	0.298752	0    
# length: 157
ck	10	1	102	H	1	0.0480219	28.8139	0.932473	0.253564	NaN	1.57865e+09	1590.93	1591.87	1591.97	1591.92	1592.27	1592.55	1592.55	0.105406	0.0498992	0.355195	0    
# length: 157
ck	10	1	103	H	1	0.0480219	28.8139	0.932473	0.253564	NaN	1.57865e+09	1594.78	1595.73	1595.82	1595.78	1596.14	1596.41	1596.41	0.0973712	0.0501431	0.3672	0     
# length: 157
ck	10	1	104	H	1	0.0480219	28.8139	0.932473	0.253564	1	1.57865e+09	1597.36	1598.3	1598.55	1598.35	1598.67	1598.99	1598.99	0.246784	0.0499118	0.318105	1       
# length: 157
ck	10	2	1	H	1	0.000610017	0.36602	0.848688	0.253564	NaN	1.57865e+09	1604.85	1605.7	1606.02	1605.71	1606.14	1606.39	1606.39	0.32195	0.00847192	0.428433	0     
# length: 157
ck	10	2	2	H	2	0.110823	66.4956	0.645665	0.253564	2	1.57865e+09	1607.23	1607.89	1608.11	1608	1608.19	1608.57	1608.57	0.229184	0.116841	0.187175	1             
# length: 157
ck	10	2	3	H	1	0.0658737	39.5252	0.729471	0.253564	2	1.57865e+09	1609.08	1609.82	1610.03	1609.89	1610.11	1610.5	1610.5	0.216179	0.0668464	0.223947	0          
# length: 157
ck	10	2	4	H	1	0.118329	70.9994	0.99312	0.253564	2	1.57865e+09	1611.04	1612.04	1612.28	1612.16	1612.35	1612.72	1612.72	0.248974	0.124961	0.194206	0           
# length: 157
ck	10	2	5	H	2	0.117157	70.2961	0.716032	0.253564	1	1.57865e+09	1613.33	1614.05	1614.25	1614.18	1614.41	1614.74	1614.74	0.197299	0.124954	0.232392	0          
# length: 157
ck	10	2	6	H	1	0.11862	71.1738	0.536408	0.253564	1	1.57865e+09	1615.24	1615.79	1616.03	1615.91	1616.11	1616.47	1616.47	0.249562	0.125203	0.199404	1           
# length: 157
ck	10	2	7	H	2	0.088564	53.1398	0.52779	0.253564	2	1.57865e+09	1617.04	1617.57	1617.8	1617.66	1617.93	1618.25	1618.25	0.23097	0.091574	0.264474	1             
# length: 157
ck	10	2	8	H	1	0.155661	93.3991	0.805198	0.253564	2	1.57865e+09	1618.57	1619.38	1619.61	1619.54	1619.7	1620.06	1620.06	0.23267	0.158316	0.164313	0            
# length: 157
ck	10	2	9	H	2	0.0461144	27.6694	0.588392	0.253564	1	1.57865e+09	1620.52	1621.12	1621.37	1621.17	1621.46	1621.8	1621.8	0.246459	0.050154	0.28631	0            
# length: 157
ck	10	2	10	H	1	0.0749002	44.9412	0.568074	0.253564	1	1.57865e+09	1622.39	1622.96	1623.2	1623.04	1623.28	1623.64	1623.64	0.239767	0.0749611	0.247059	1        
# length: 157
ck	10	2	11	H	2	0.13879	83.2761	0.766285	0.253564	1	1.57865e+09	1624.41	1625.19	1625.4	1625.33	1625.5	1625.87	1625.87	0.215142	0.141857	0.17338	0             
# length: 157
ck	10	2	12	H	2	0.0567792	34.0684	0.6596	0.253564	NaN	1.57865e+09	1628.59	1629.26	1629.57	1629.32	1629.64	1629.94	1629.94	0.310527	0.0585035	0.321948	0       
# length: 157
ck	10	2	13	H	1	0.0969671	58.1818	0.9203	0.253564	NaN	1.57865e+09	1631.18	1632.1	1632.17	1632.2	1632.44	1632.79	1632.79	0.0638524	0.100052	0.238495	0         
# length: 157
ck	10	2	14	H	2	0.0107086	6.42531	0.835965	0.253564	2	1.57865e+09	1633.42	1634.26	1634.5	1634.28	1634.58	1634.94	1634.94	0.240723	0.0169128	0.303359	1        
# length: 157
ck	10	2	15	H	1	0.0554519	33.272	0.751027	0.253564	1	1.57865e+09	1636.64	1637.39	1637.55	1637.45	1637.7	1638.08	1638.08	0.157106	0.0582806	0.248497	1         
# length: 157
ck	10	2	16	H	2	0.0338188	20.2918	0.849415	0.253564	1	1.57865e+09	1638.57	1639.43	1639.67	1639.47	1639.77	1640.11	1640.11	0.23848	0.0417279	0.305467	0        
# length: 157
ck	10	2	17	H	2	0.0490556	29.4341	0.919592	0.253564	2	1.57865e+09	1640.84	1641.77	1642	1641.82	1642.09	1642.45	1642.45	0.232037	0.0501781	0.271734	1          
# length: 157
ck	10	2	18	H	2	0.161417	96.8528	0.818955	0.253564	NaN	1.57865e+09	1642.87	1643.69	1643.97	1643.86	1644.05	1644.38	1644.38	0.271949	0.16686	0.190078	0        
# length: 157
ck	10	2	19	H	2	0.00193693	1.16219	0.954474	0.253564	NaN	1.57865e+09	1644.92	1645.88	1646.16	1645.89	1646.23	1646.56	1646.56	0.283871	0.00892144	0.344638	0   
# length: 157
ck	10	2	20	H	2	0.162624	97.5769	0.707655	0.253564	2	1.57865e+09	1647.19	1647.9	1648.14	1648.07	1648.25	1648.59	1648.59	0.238868	0.166856	0.181636	1          
# length: 157
ck	10	2	21	H	1	0.00619476	3.71695	0.851665	0.253564	1	1.57865e+09	1649.47	1650.33	1650.56	1650.34	1650.72	1651.01	1651.01	0.228537	0.00901396	0.37938	1      
# length: 157
ck	10	2	22	H	2	0.0451411	27.0854	0.841705	0.253564	2	1.57865e+09	1651.65	1652.49	1652.74	1652.54	1652.84	1653.18	1653.18	0.249329	0.0498732	0.296657	1       
# length: 157
ck	10	2	23	H	2	0.0660918	39.6561	0.791511	0.253564	NaN	1.57865e+09	1654.18	1654.98	1655.24	1655.04	1655.32	1655.66	1655.66	0.263416	0.0665814	0.271717	0     
# length: 157
ck	10	2	24	H	1	0.158233	94.942	0.908726	0.253564	NaN	1.57865e+09	1657.06	1657.97	1658.24	1658.14	1658.33	1658.66	1658.66	0.271672	0.166553	0.195157	0        
# length: 157
ck	10	2	25	H	2	0.0437021	26.2219	0.547777	0.253564	2	1.57865e+09	1659.53	1660.09	1660.2	1660.14	1660.43	1660.77	1660.77	0.115717	0.0501733	0.291563	1        
# length: 157
ck	10	2	26	H	2	0.025448	15.2692	0.808888	0.253564	2	1.57865e+09	1661.65	1662.47	1662.68	1662.5	1662.92	1663.15	1663.15	0.212137	0.0336099	0.413344	1         
# length: 157
ck	10	2	27	H	1	0.165853	99.5144	0.936363	0.253564	NaN	1.57865e+09	1663.81	1664.75	1665.04	1664.92	1665.12	1665.44	1665.44	0.288308	0.166461	0.196922	0       
# length: 157
ck	10	2	28	H	2	0.043566	26.1402	0.866042	0.253564	NaN	1.57865e+09	1666.47	1667.34	1666.84	1667.39	1667.68	1668.03	1668.03	-0.502753	0.049946	0.282426	0      
# length: 157
ck	10	2	29	H	2	0.0411822	24.71	0.926823	0.253564	NaN	1.57865e+09	1669.21	1670.14	1670.2	1670.19	1670.48	1670.83	1670.83	0.0525606	0.041869	0.295846	0        
# length: 157
ck	10	2	30	H	1	0.0993458	59.609	0.849016	0.253564	NaN	1.57865e+09	1671.8	1672.65	1672.92	1672.75	1673	1673.34	1673.34	0.26481	0.0999583	0.248848	0           
# length: 157
ck	10	2	31	H	1	0.128829	77.2996	0.622594	0.253564	NaN	1.57865e+09	1674.1	1674.73	1674.98	1674.86	1675.1	1675.41	1675.41	0.253761	0.133123	0.235615	0         
# length: 157
ck	10	2	32	H	2	0.069316	41.5907	0.75461	0.253564	1	1.57865e+09	1676.04	1676.8	1677.05	1676.88	1677.14	1677.49	1677.49	0.248969	0.0751506	0.263817	0          
# length: 157
ck	10	2	33	H	2	0.0846157	50.7707	0.716205	0.253564	1	1.57865e+09	1678.1	1678.82	1679.04	1678.91	1679.11	1679.5	1679.5	0.222616	0.0918177	0.196289	0          
# length: 157
ck	10	2	34	H	2	0.0652251	39.136	0.827934	0.253564	NaN	1.57865e+09	1680.59	1681.43	1681.47	1681.49	1681.73	1682.11	1682.11	0.0442839	0.0666844	0.233399	0     
# length: 157
ck	10	2	35	H	2	0.099697	59.8197	0.654849	0.253564	NaN	1.57865e+09	1683.33	1683.99	1683.82	1684.09	1684.3	1684.68	1684.68	-0.177218	0.100015	0.203124	0       
# length: 157
ck	10	2	36	H	1	0.150371	90.2248	0.934747	0.253564	NaN	1.57865e+09	1685.66	1686.6	1685.75	1686.76	1686.9	1687.29	1687.29	-0.855351	0.158377	0.141009	0        
# length: 157
ck	10	2	37	H	1	0.0470876	28.2533	0.975356	0.253564	1	1.57865e+09	1689.47	1690.45	1690.71	1690.5	1690.82	1691.14	1691.14	0.253071	0.0501342	0.31438	1         
# length: 157
ck	10	2	38	H	1	0.0639958	38.3984	0.822818	0.253564	2	1.57865e+09	1693.19	1694.02	1694.27	1694.09	1694.32	1694.7	1694.7	0.248145	0.0668216	0.236267	0         
# length: 157
ck	10	2	39	H	1	0.0533683	32.0218	0.571308	0.253564	1	1.57865e+09	1695.31	1695.89	1696.12	1695.94	1696.21	1696.57	1696.57	0.236854	0.0585918	0.26311	1        
# length: 157
ck	10	2	40	H	1	0.0417858	25.0721	0.857237	0.253564	1	1.57865e+09	1697.08	1697.94	1698.18	1697.99	1698.25	1698.62	1698.62	0.246368	0.0497839	0.261576	1       
# length: 157
ck	10	2	41	H	1	0.0251627	15.098	0.59821	0.253564	1	1.57865e+09	1699.14	1699.74	1699.99	1699.77	1700.08	1700.42	1700.42	0.248462	0.0251828	0.308711	1         
# length: 157
ck	10	2	42	H	2	0.0906662	54.4011	0.549934	0.253564	NaN	1.57865e+09	1700.96	1701.52	1701.85	1701.61	1701.92	1702.2	1702.2	0.331832	0.0918457	0.306667	0       
# length: 157
ck	10	2	43	H	1	0.0329117	19.7475	0.784146	0.253564	2	1.57865e+09	1702.71	1703.5	1703.74	1703.54	1703.81	1704.19	1704.19	0.240382	0.0335559	0.271824	0        
# length: 157
ck	10	2	44	H	1	0.0298181	17.8913	0.907917	0.253564	1	1.57865e+09	1704.71	1705.62	1705.87	1705.65	1705.93	1706.3	1706.3	0.248803	0.0338934	0.275413	1         
# length: 157
ck	10	2	45	H	2	0.140656	84.3956	0.720194	0.253564	2	1.57865e+09	1706.71	1707.44	1707.67	1707.58	1707.72	1708.12	1708.12	0.232486	0.141841	0.140696	1         
# length: 157
ck	10	2	46	H	1	0.00342635	2.05587	0.580619	0.253564	NaN	1.57865e+09	1708.58	1709.17	1709.42	1709.18	1709.49	1709.85	1709.85	0.254366	0.00864904	0.315926	0   
# length: 157
ck	10	2	47	H	1	0.134743	80.8479	0.855258	0.253564	1	1.57865e+09	1710.36	1711.22	1711.46	1711.36	1711.54	1711.9	1711.9	0.239188	0.141642	0.182688	1           
# length: 157
ck	10	2	48	H	1	0.16103	96.6205	0.992485	0.253564	2	1.57865e+09	1712.4	1713.4	1713.58	1713.57	1713.67	1714.09	1714.09	0.176549	0.166809	0.0993827	0           
# length: 157
ck	10	2	49	H	2	0.0875263	52.5171	0.581238	0.253564	1	1.57865e+09	1714.48	1715.07	1715.3	1715.16	1715.41	1715.75	1715.75	0.225227	0.0918729	0.24794	0         
# length: 157
ck	10	2	50	H	1	0.141323	84.7963	0.540658	0.253564	2	1.57865e+09	1716.42	1716.97	1717.21	1717.11	1717.29	1717.65	1717.65	0.244936	0.141831	0.178093	0         
# length: 157
ck	10	2	51	H	1	0.0614713	36.8837	0.616806	0.253564	1	1.57865e+09	1718.11	1718.73	1718.97	1718.8	1719.02	1719.41	1719.41	0.236577	0.0666304	0.220016	1        
# length: 157
ck	10	2	52	H	1	0.0827645	49.66	0.894205	0.253564	NaN	1.57865e+09	1719.82	1720.72	1720.99	1720.8	1721.06	1721.4	1721.4	0.265522	0.0835202	0.256848	0          
# length: 157
ck	10	2	53	H	2	0.16484	98.9064	0.595707	0.253564	1	1.57865e+09	1722.15	1722.75	1722.96	1722.92	1723.08	1723.44	1723.44	0.207207	0.166724	0.155475	0          
# length: 157
ck	10	2	54	H	2	0.00568452	3.4108	0.737635	0.253564	2	1.57865e+09	1723.92	1724.66	1724.89	1724.67	1724.95	1725.35	1725.35	0.228939	0.00858808	0.280349	1      
# length: 157
ck	10	2	55	H	1	0.166077	99.6486	0.793838	0.253564	1	1.57865e+09	1725.91	1726.71	1726.86	1726.88	1726.93	1727.4	1727.4	0.149382	0.166816	0.0475858	1          
# length: 157
ck	10	2	56	H	2	0.0435527	26.1323	0.694709	0.253564	2	1.57865e+09	1727.94	1728.64	1728.76	1728.69	1728.94	1729.32	1729.32	0.119837	0.049814	0.254658	1        
# length: 157
ck	10	2	57	H	2	0.0334656	20.0798	0.863205	0.253564	1	1.57865e+09	1729.69	1730.55	1730.78	1730.6	1730.84	1731.24	1731.24	0.222994	0.0416858	0.246324	0        
# length: 157
ck	10	2	58	H	2	0.157788	94.6754	0.687509	0.253564	NaN	1.57865e+09	1731.65	1732.34	1732.62	1732.5	1732.71	1733.02	1733.02	0.27984	0.158288	0.211535	0         
# length: 157
ck	10	2	59	H	1	0.0384255	23.0559	0.749557	0.253564	2	1.57865e+09	1733.46	1734.22	1734.42	1734.26	1734.5	1734.9	1734.9	0.198279	0.0417088	0.239988	0          
# length: 157
ck	10	2	60	H	1	0.0556798	33.4088	0.515086	0.253564	NaN	1.57865e+09	1735.4	1735.92	1736.2	1735.98	1736.28	1736.6	1736.6	0.28213	0.0585516	0.303606	0          
# length: 157
ck	10	2	61	H	1	0.000610017	0.36602	0.848688	0.253564	1	1.57865e+09	1737.15	1738	1738.07	1738.01	1738.23	1738.69	1738.69	0.0641078	0.0088492	0.220603	1       
# length: 157
ck	10	2	62	H	2	0.0567792	34.0684	0.6596	0.253564	NaN	1.57865e+09	1739.2	1739.86	1740.12	1739.92	1740.18	1740.55	1740.55	0.255758	0.0582657	0.262361	0        
# length: 157
ck	10	2	63	H	1	0.0969671	58.1818	0.9203	0.253564	NaN	1.57865e+09	1741.13	1742.05	1742.31	1742.15	1742.4	1742.74	1742.74	0.254228	0.0999527	0.24932	0         
# length: 157
ck	10	2	64	H	2	0.161417	96.8528	0.818955	0.253564	NaN	1.57865e+09	1743.38	1744.2	1744.25	1744.37	1744.53	1744.89	1744.89	0.0498708	0.166455	0.163034	0       
# length: 157
ck	10	2	65	H	2	0.00193693	1.16219	0.954474	0.253564	NaN	1.57865e+09	1746.33	1747.29	1747.57	1747.3	1747.64	1747.97	1747.97	0.281755	0.008887	0.347841	0      
# length: 157
ck	10	2	66	H	2	0.0660918	39.6561	0.791511	0.253564	NaN	1.57865e+09	1749.8	1750.6	1750.89	1750.66	1750.97	1751.28	1751.28	0.298552	0.0666138	0.306955	0       
# length: 157
ck	10	2	67	H	1	0.158233	94.942	0.908726	0.253564	2	1.57865e+09	1751.68	1752.59	1752.81	1752.75	1752.88	1753.27	1753.27	0.222218	0.158299	0.138767	0          
# length: 157
ck	10	2	68	H	1	0.165853	99.5144	0.936363	0.253564	1	1.57865e+09	1754.78	1755.73	1755.97	1755.9	1756.08	1756.41	1756.41	0.240818	0.166603	0.189028	1          
# length: 157
ck	10	2	69	H	2	0.043566	26.1402	0.866042	0.253564	1	1.57865e+09	1756.86	1757.73	1757.91	1757.78	1758.03	1758.41	1758.41	0.185737	0.0497478	0.251228	0        
# length: 157
ck	10	2	70	H	2	0.0411822	24.71	0.926823	0.253564	2	1.57865e+09	1758.89	1759.83	1760.07	1759.87	1760.15	1760.51	1760.51	0.237697	0.041864	0.274528	1          
# length: 157
ck	10	2	71	H	1	0.0993458	59.609	0.849016	0.253564	2	1.57865e+09	1760.92	1761.78	1762.03	1761.88	1762.11	1762.46	1762.46	0.246553	0.100208	0.231224	0         
# length: 157
ck	10	2	72	H	1	0.128829	77.2996	0.622594	0.253564	NaN	1.57865e+09	1762.93	1763.56	1763.85	1763.7	1763.93	1764.25	1764.25	0.28818	0.133457	0.231856	0         
# length: 157
ck	10	2	73	H	2	0.0652251	39.136	0.827934	0.253564	NaN	1.57865e+09	1764.74	1765.57	1765.83	1765.64	1765.93	1766.25	1766.25	0.254889	0.0665206	0.288255	0      
# length: 157
ck	10	2	74	H	2	0.099697	59.8197	0.654849	0.253564	2	1.57865e+09	1766.97	1767.63	1767.87	1767.73	1767.96	1768.31	1768.31	0.24533	0.0998388	0.231907	1         
# length: 157
ck	10	2	75	H	1	0.150371	90.2248	0.934747	0.253564	2	1.57865e+09	1768.78	1769.72	1769.95	1769.88	1770.04	1770.4	1770.4	0.230743	0.158512	0.157171	0           
# length: 157
ck	10	2	76	H	2	0.0906662	54.4011	0.549934	0.253564	1	1.57865e+09	1770.98	1771.54	1771.79	1771.63	1771.89	1772.22	1772.22	0.249155	0.0916621	0.257399	0       
# length: 157
ck	10	2	77	H	1	0.00342635	2.05587	0.580619	0.253564	NaN	1.57865e+09	1772.74	1773.33	1773.59	1773.34	1773.66	1774.01	1774.01	0.257789	0.00869404	0.32416	0    
# length: 157
ck	10	2	78	H	1	0.0827645	49.66	0.894205	0.253564	2	1.57865e+09	1774.58	1775.48	1775.7	1775.56	1775.78	1776.16	1776.16	0.223324	0.083509	0.21996	0            
# length: 157
ck	10	2	79	H	2	0.157788	94.6754	0.687509	0.253564	2	1.57865e+09	1777.49	1778.19	1778.42	1778.35	1778.53	1778.87	1778.87	0.23085	0.15854	0.181898	1           
# length: 157
ck	10	2	80	H	1	0.0556798	33.4088	0.515086	0.253564	NaN	1.57865e+09	1779.33	1779.85	1780.16	1779.91	1780.23	1780.54	1780.54	0.304043	0.0582602	0.320691	0     
# length: 157
ck	10	2	81	H	2	0.0567792	34.0684	0.6596	0.253564	2	1.57865e+09	1781.11	1781.78	1782.03	1781.84	1782.11	1782.46	1782.46	0.249964	0.0585262	0.270888	1         
# length: 157
ck	10	2	82	H	1	0.0969671	58.1818	0.9203	0.253564	1	1.57865e+09	1783.17	1784.1	1784.35	1784.2	1784.43	1784.79	1784.79	0.249706	0.100217	0.229595	1            
# length: 157
ck	10	2	83	H	2	0.161417	96.8528	0.818955	0.253564	1	1.57865e+09	1785.31	1786.14	1786.36	1786.3	1786.54	1786.82	1786.82	0.22689	0.166908	0.239827	0           
# length: 157
ck	10	2	84	H	2	0.00193693	1.16219	0.954474	0.253564	NaN	1.57865e+09	1787.33	1788.3	1788.55	1788.3	1788.63	1788.98	1788.98	0.253695	0.00855952	0.33005	0      
# length: 157
ck	10	2	85	H	2	0.0660918	39.6561	0.791511	0.253564	2	1.57865e+09	1789.61	1790.4	1790.65	1790.47	1790.81	1791.09	1791.09	0.250647	0.0665857	0.33862	1         
# length: 157
ck	10	2	86	H	1	0.128829	77.2996	0.622594	0.253564	NaN	1.57865e+09	1791.97	1792.6	1792.86	1792.74	1792.95	1793.29	1793.29	0.25593	0.133519	0.212474	0         
# length: 157
ck	10	2	87	H	2	0.0652251	39.136	0.827934	0.253564	2	1.57865e+09	1793.93	1794.76	1795	1794.83	1795.19	1795.45	1795.45	0.237635	0.0668882	0.356079	1           
# length: 157
ck	10	2	88	H	1	0.00342635	2.05587	0.580619	0.253564	1	1.57865e+09	1796	1796.59	1796.83	1796.6	1796.98	1797.27	1797.27	0.237895	0.00845296	0.379507	1         
# length: 157
ck	10	2	89	H	1	0.0556798	33.4088	0.515086	0.253564	NaN	1.57865e+09	1797.8	1798.32	1798.59	1798.38	1798.66	1799	1799	0.264706	0.0585327	0.281181	0            
# length: 157
ck	10	2	90	H	2	0.00193693	1.16219	0.954474	0.253564	NaN	1.57865e+09	1799.53	1800.5	1800.76	1800.5	1800.82	1801.18	1801.18	0.264961	0.00897556	0.311018	0     
# length: 157
ck	10	2	91	H	1	0.128829	77.2996	0.622594	0.253564	NaN	1.57865e+09	1801.69	1802.32	1802.61	1802.45	1802.7	1803	1803	0.285184	0.133575	0.246629	0              
# length: 157
ck	10	2	92	H	1	0.0556798	33.4088	0.515086	0.253564	1	1.57865e+09	1803.53	1804.05	1804.3	1804.11	1804.49	1804.74	1804.74	0.247298	0.0582768	0.373358	1        
# length: 157
ck	10	2	93	H	2	0.00193693	1.16219	0.954474	0.253564	NaN	1.57865e+09	1805.23	1806.2	1806.45	1806.2	1806.52	1806.88	1806.88	0.255193	0.00844432	0.311854	0     
# length: 157
ck	10	2	94	H	1	0.128829	77.2996	0.622594	0.253564	1	1.57865e+09	1807.34	1807.97	1808.19	1808.1	1808.32	1808.65	1808.65	0.215512	0.133537	0.212577	1          
# length: 157
ck	10	2	95	H	2	0.00193693	1.16219	0.954474	0.253564	2	1.57865e+09	1809.12	1810.08	1810.3	1810.09	1810.39	1810.76	1810.76	0.22211	0.00860512	0.298555	1       
# length: 157
ck	10	3	1	H	2	0.0911097	54.6672	0.760694	0.253564	2	1.57865e+09	1821.95	1822.71	1822.96	1822.8	1823.04	1823.4	1823.4	0.244796	0.0916082	0.238066	1           
# length: 157
ck	10	3	2	H	2	0.123445	74.0688	0.843866	0.253564	2	1.57865e+09	1823.89	1824.74	1824.98	1824.86	1825.05	1825.42	1825.42	0.240018	0.124964	0.189973	1          
# length: 157
ck	10	3	3	H	1	0.00467345	2.80414	0.573947	0.253564	NaN	1.57865e+09	1825.87	1826.45	1826.73	1826.46	1826.94	1827.14	1827.14	0.273719	0.00861868	0.480095	0    
# length: 157
ck	10	3	4	H	1	0.131382	78.8311	0.986405	0.253564	NaN	1.57865e+09	1827.66	1828.65	1828.92	1828.79	1828.99	1829.34	1829.34	0.263916	0.133562	0.205371	0        
# length: 157
ck	10	3	5	H	1	0.0860682	51.6422	0.629632	0.253564	NaN	1.57865e+09	1829.68	1830.31	1830.57	1830.4	1830.63	1831	1831	0.255547	0.0916264	0.223991	0             
# length: 157
ck	10	3	6	H	2	0.0667431	40.0469	0.746482	0.253564	1	1.57865e+09	1831.54	1832.3	1832.52	1832.36	1832.6	1832.97	1832.97	0.222716	0.0667921	0.24091	0           
# length: 157
ck	10	3	7	H	2	0.0598563	35.9147	0.872845	0.253564	NaN	1.57865e+09	1833.47	1834.35	1834.63	1834.42	1834.7	1835.04	1835.04	0.274664	0.0668497	0.282781	0       
# length: 157
ck	10	3	8	H	1	0.113618	68.1724	0.618895	0.253564	NaN	1.57865e+09	1835.48	1836.1	1836.36	1836.22	1836.44	1836.79	1836.79	0.254832	0.116694	0.222723	0         
# length: 157
ck	10	3	9	H	1	0.119342	71.6068	0.786301	0.253564	2	1.57865e+09	1837.26	1838.05	1838.26	1838.17	1838.33	1838.73	1838.73	0.213139	0.124902	0.162828	0          
# length: 157
ck	10	3	10	H	2	0.0822992	49.3808	0.972667	0.253564	1	1.57865e+09	1839.15	1840.13	1840.28	1840.21	1840.42	1840.81	1840.81	0.15021	0.0834504	0.206222	0        
# length: 157
ck	10	3	11	H	1	0.164018	98.413	0.525335	0.253564	2	1.57865e+09	1841.36	1841.89	1842.13	1842.05	1842.21	1842.57	1842.57	0.246397	0.166492	0.154769	0          
# length: 157
ck	10	3	12	H	2	0.0593545	35.6136	0.702929	0.253564	2	1.57865e+09	1843.08	1843.79	1844.03	1843.85	1844.1	1844.47	1844.47	0.236985	0.0666094	0.244975	1        
# length: 157
ck	10	3	13	H	1	0.0970378	58.2242	0.998277	0.253564	2	1.57865e+09	1844.97	1845.97	1846.21	1846.07	1846.28	1846.65	1846.66	0.233639	0.0999371	0.213412	0       
# length: 157
ck	10	3	14	H	2	0.0707628	42.4588	0.854839	0.253564	1	1.57865e+09	1847.07	1847.93	1848.16	1848	1848.27	1848.61	1848.61	0.230589	0.0749482	0.265432	0          
# length: 157
ck	10	3	15	H	2	0.0909329	54.5611	0.666704	0.253564	2	1.57865e+09	1849.12	1849.79	1850.01	1849.88	1850.08	1850.47	1850.47	0.222125	0.091635	0.195288	1        
# length: 157
ck	10	3	16	H	2	0.0899259	53.9569	0.898826	0.253564	2	1.57865e+09	1851.03	1851.94	1852.15	1852.03	1852.28	1852.62	1852.62	0.207207	0.0918543	0.253148	1       
# length: 157
ck	10	3	17	H	2	0.00612151	3.673	0.893324	0.253564	2	1.57865e+09	1853.12	1854.02	1854.26	1854.03	1854.34	1854.71	1854.71	0.23947	0.00897556	0.305093	1        
# length: 157
ck	10	3	18	H	1	0.0870458	52.2288	0.774233	0.253564	NaN	1.57865e+09	1855.16	1855.94	1856.16	1856.03	1856.44	1856.62	1856.62	0.222806	0.0918945	0.410938	0     
# length: 157
ck	10	3	19	H	2	0.0539786	32.388	0.918182	0.253564	NaN	1.57865e+09	1857.15	1858.07	1858.09	1858.13	1858.41	1858.75	1858.75	0.014027	0.057952	0.280724	0       
# length: 157
ck	10	3	20	H	1	0.0366703	22.0028	0.515432	0.253564	2	1.57865e+09	1859.31	1859.83	1860.07	1859.87	1860.15	1860.51	1860.51	0.240992	0.0414171	0.279214	0       
# length: 157
ck	10	3	21	H	1	0.0760829	45.6509	0.675356	0.253564	NaN	1.57865e+09	1860.9	1861.59	1861.85	1861.67	1862.06	1862.27	1862.27	0.262676	0.0835239	0.389146	0      
# length: 157
ck	10	3	22	H	1	0.00827666	4.96612	0.883888	0.253564	2	1.57865e+09	1862.82	1863.71	1863.93	1863.72	1864.02	1864.4	1864.4	0.218865	0.00898288	0.298741	0       
# length: 157
ck	10	3	23	H	2	0.0677605	40.6574	0.960114	0.253564	1	1.57865e+09	1865.12	1866.08	1866.31	1866.16	1866.42	1866.76	1866.76	0.226347	0.0749632	0.266013	0       
# length: 157
ck	10	3	24	H	2	0.100636	60.3834	0.876425	0.253564	NaN	1.57865e+09	1867.19	1868.07	1867.95	1868.18	1868.39	1868.76	1868.76	-0.119958	0.108532	0.206144	0      
# length: 157
ck	10	3	25	H	1	0.00103026	0.61817	0.831641	0.253564	NaN	1.57865e+09	1869.25	1870.09	1870.34	1870.1	1870.45	1870.77	1870.77	0.2538	0.0085768	0.354574	0       
# length: 157
ck	10	3	26	H	1	0.13291	79.7479	0.946899	0.253564	1	1.57865e+09	1871.29	1872.24	1872.49	1872.37	1872.57	1872.92	1872.92	0.248662	0.13332	0.194921	1           
# length: 157
ck	10	3	27	H	1	0.0447522	26.852	0.94377	0.253564	1	1.57865e+09	1873.6	1874.56	1874.8	1874.61	1874.88	1875.24	1875.24	0.247127	0.0501775	0.271758	1           
# length: 157
ck	10	3	28	H	2	0.11261	67.5675	0.797229	0.253564	NaN	1.57865e+09	1875.68	1876.49	1876.76	1876.61	1876.84	1877.17	1877.17	0.27412	0.116891	0.233818	0         
# length: 157
ck	10	3	29	H	1	0.150514	90.3105	0.873047	0.253564	1	1.57865e+09	1877.87	1878.75	1878.99	1878.91	1879.09	1879.43	1879.43	0.245522	0.158305	0.187256	1         
# length: 157
ck	10	3	30	H	2	0.109201	65.5224	0.977786	0.253564	NaN	1.57865e+09	1879.91	1880.89	1881.15	1881.01	1881.22	1881.57	1881.57	0.264208	0.116594	0.212642	0       
# length: 157
ck	10	3	31	H	1	0.0364066	21.8445	0.761226	0.253564	NaN	1.57865e+09	1882.1	1882.87	1882.46	1882.91	1883.21	1883.56	1883.56	-0.413453	0.0416982	0.299605	0     
# length: 157
ck	10	3	32	H	2	0.088549	53.1308	0.57886	0.253564	NaN	1.57865e+09	1884.14	1884.73	1885	1884.82	1885.08	1885.41	1885.41	0.268375	0.0918638	0.259861	0          
# length: 157
ck	10	3	33	H	2	0.0425294	25.5183	0.767349	0.253564	2	1.57865e+09	1885.94	1886.71	1886.95	1886.76	1887.03	1887.4	1887.4	0.240134	0.0499194	0.269862	1         
# length: 157
ck	10	3	34	H	1	0.0596412	35.7857	0.749174	0.253564	1	1.57865e+09	1887.86	1888.61	1888.81	1888.68	1888.92	1889.3	1889.3	0.19531	0.0666204	0.238365	1          
# length: 157
ck	10	3	35	H	2	0.0648396	38.9047	0.930468	0.253564	1	1.57865e+09	1889.85	1890.79	1891	1890.86	1891.12	1891.47	1891.47	0.215669	0.066816	0.267338	0           
# length: 157
ck	10	3	36	H	1	0.0525417	31.5259	0.968221	0.253564	NaN	1.57865e+09	1892.05	1893.02	1893.29	1893.08	1893.38	1893.71	1893.71	0.272147	0.0585196	0.29873	0      
# length: 157
ck	10	3	37	H	2	0.168483	101.092	0.89458	0.253564	NaN	1.57865e+09	1894.17	1895.07	1895.33	1895.25	1895.4	1895.76	1895.76	0.257144	0.174947	0.157151	0         
# length: 157
ck	10	3	38	H	2	0.115446	69.2696	0.864577	0.253564	NaN	1.57865e+09	1896.13	1897.01	1897.27	1897.12	1897.34	1897.69	1897.69	0.261153	0.116865	0.222305	0       
# length: 157
ck	10	3	39	H	1	0.0767827	46.0708	0.755743	0.253564	NaN	1.57865e+09	1898.18	1898.95	1899.32	1899.03	1899.38	1899.63	1899.63	0.374707	0.0835242	0.354018	0     
# length: 157
ck	10	3	40	H	1	0.105439	63.2651	0.713795	0.253564	NaN	1.57865e+09	1900.16	1900.88	1901.14	1900.99	1901.21	1901.56	1901.56	0.259729	0.108532	0.220801	0       
# length: 157
ck	10	3	41	H	2	0.0950825	57.051	0.951319	0.253564	NaN	1.57865e+09	1902.05	1903.01	1902.84	1903.11	1903.33	1903.7	1903.7	-0.178466	0.100094	0.216091	0        
# length: 157
ck	10	3	42	H	1	0.0382373	22.9429	0.817907	0.253564	1	1.57865e+09	1904.12	1904.95	1905.16	1904.99	1905.29	1905.63	1905.63	0.213391	0.0418713	0.29636	1        
# length: 157
ck	10	3	43	H	1	0.104239	62.5449	0.778699	0.253564	1	1.57865e+09	1906.14	1906.92	1907.12	1907.03	1907.24	1907.61	1907.61	0.198121	0.108561	0.204556	1         
# length: 157
ck	10	3	44	H	1	0.000382477	0.229492	0.920843	0.253564	1	1.57865e+09	1908.03	1908.96	1909.15	1908.97	1909.29	1909.65	1909.65	0.186586	0.00895144	0.312846	1   
# length: 157
ck	10	3	45	H	1	0.131813	79.0901	0.597639	0.253564	NaN	1.57865e+09	1910.18	1910.78	1911.04	1910.91	1911.11	1911.46	1911.46	0.255012	0.133558	0.196573	0       
# length: 157
ck	10	3	46	H	1	0.0155205	9.31253	0.858642	0.253564	2	1.57865e+09	1911.99	1912.86	1913.07	1912.87	1913.15	1913.54	1913.54	0.214712	0.0165105	0.27319	0        
# length: 157
ck	10	3	47	H	1	0.130289	78.1754	0.57063	0.253564	1	1.57865e+09	1914.06	1914.63	1914.86	1914.76	1914.95	1915.31	1915.31	0.229805	0.133113	0.186683	1          
# length: 157
ck	10	3	48	H	2	0.0518446	31.1075	0.668793	0.253564	1	1.57865e+09	1915.82	1916.49	1916.71	1916.55	1916.78	1917.17	1917.17	0.221837	0.0583487	0.228595	0       
# length: 157
ck	10	3	49	H	2	0.104353	62.6137	0.649648	0.253564	NaN	1.57865e+09	1917.64	1918.3	1918.57	1918.41	1918.64	1918.98	1918.98	0.274058	0.108466	0.230509	0        
# length: 157
ck	10	3	50	H	2	0.0547272	32.8371	0.666988	0.253564	NaN	1.57865e+09	1919.43	1920.11	1920.37	1920.16	1920.49	1920.79	1920.79	0.265674	0.0582932	0.3223	0       
# length: 157
ck	10	3	51	H	1	0.114147	68.4898	0.549487	0.253564	2	1.57865e+09	1921.28	1921.83	1922.06	1921.95	1922.15	1922.51	1922.51	0.231263	0.116734	0.204601	0         
# length: 157
ck	10	3	52	H	2	0.158305	94.9855	0.963679	0.253564	1	1.57865e+09	1923.19	1924.16	1924.24	1924.32	1924.44	1924.85	1924.85	0.0783061	0.158384	0.114527	0        
# length: 157
ck	10	3	53	H	1	0.0272236	16.3346	0.650644	0.253564	NaN	1.57865e+09	1925.38	1926.04	1925.75	1926.07	1926.34	1926.72	1926.72	-0.291501	0.0335808	0.264711	0    
# length: 157
ck	10	3	54	H	2	0.0145955	8.75753	0.573586	0.253564	2	1.57865e+09	1927.59	1928.17	1928.36	1928.19	1928.47	1928.86	1928.86	0.190418	0.0169971	0.28466	1        
# length: 157
ck	10	3	55	H	1	0.129037	77.4239	0.508602	0.253564	NaN	1.57865e+09	1929.48	1930	1930.26	1930.13	1930.33	1930.68	1930.68	0.262206	0.133284	0.196713	0          
# length: 157
ck	10	3	56	H	2	0.0729796	43.7889	0.876996	0.253564	NaN	1.57865e+09	1931.15	1932.03	1932.34	1932.11	1932.4	1932.71	1932.71	0.307127	0.0751781	0.296901	0      
# length: 157
ck	10	3	57	H	1	0.00547419	3.2846	0.583511	0.253564	NaN	1.57865e+09	1933.26	1933.85	1934.14	1933.86	1934.23	1934.53	1934.53	0.290492	0.0084976	0.37198	0      
# length: 157
ck	10	3	58	H	2	0.0126306	7.57855	0.626598	0.253564	NaN	1.57865e+09	1935.05	1935.68	1935.94	1935.7	1936	1936.36	1936.36	0.257631	0.0169273	0.30552	0          
# length: 157
ck	10	3	59	H	2	0.0913701	54.8234	0.807251	0.253564	2	1.57865e+09	1939.88	1940.69	1940.93	1940.78	1941	1941.37	1941.37	0.245145	0.0918646	0.223142	1          
# length: 157
ck	10	3	60	H	2	0.0182523	10.9517	0.745752	0.253564	2	1.57865e+09	1941.82	1942.57	1942.8	1942.6	1942.88	1943.26	1943.26	0.228989	0.0252137	0.281663	1         
# length: 157
ck	10	3	61	H	1	0.00467345	2.80414	0.573947	0.253564	NaN	1.57865e+09	1943.68	1944.26	1944.23	1944.26	1944.94	1944.94	1944.94	-0.0261628	0.00858376	0.674755	0 
# length: 157
ck	10	3	62	H	1	0.131382	78.8311	0.986405	0.253564	1	1.57865e+09	1945.52	1946.51	1946.76	1946.64	1946.85	1947.19	1947.19	0.249088	0.133295	0.212145	1         
# length: 157
ck	10	3	63	H	1	0.0860682	51.6422	0.629632	0.253564	NaN	1.57865e+09	1947.68	1948.31	1947.82	1948.41	1948.61	1949	1949	-0.498926	0.0917213	0.199191	0          
# length: 157
ck	10	3	64	H	2	0.0598563	35.9147	0.872845	0.253564	NaN	1.57865e+09	1949.56	1950.44	1950.46	1950.51	1950.76	1951.12	1951.12	0.0211594	0.0663708	0.249527	0    
# length: 157
ck	10	3	65	H	1	0.113618	68.1724	0.618895	0.253564	NaN	1.57865e+09	1951.64	1952.26	1952.14	1952.38	1952.63	1952.95	1952.95	-0.123488	0.11651	0.248902	0       
# length: 157
ck	10	3	66	H	1	0.0870458	52.2288	0.774233	0.253564	1	1.57865e+09	1953.5	1954.28	1954.52	1954.37	1954.66	1954.96	1954.96	0.239716	0.0916365	0.288012	1        
# length: 157
ck	10	3	67	H	2	0.0539786	32.388	0.918182	0.253564	NaN	1.57865e+09	1955.5	1956.42	1956.7	1956.48	1956.76	1957.11	1957.11	0.278481	0.0585065	0.279947	0        
# length: 157
ck	10	3	68	H	1	0.0760829	45.6509	0.675356	0.253564	NaN	1.57865e+09	1957.57	1958.26	1957.63	1958.34	1958.61	1958.94	1958.94	-0.62938	0.083374	0.271987	0      
# length: 157
ck	10	3	69	H	2	0.100636	60.3834	0.876425	0.253564	NaN	1.57865e+09	1959.39	1960.27	1959.49	1960.38	1960.58	1960.96	1960.96	-0.781143	0.108119	0.195418	0      
# length: 157
ck	10	3	70	H	1	0.00103026	0.61817	0.831641	0.253564	NaN	1.57865e+09	1961.42	1962.26	1961.44	1962.27	1962.64	1962.94	1962.94	-0.814148	0.00899884	0.37149	0   
# length: 157
ck	10	3	71	H	2	0.11261	67.5675	0.797229	0.253564	NaN	1.57865e+09	1965.32	1966.12	1966.48	1966.24	1966.54	1966.81	1966.81	0.354077	0.116882	0.297152	0        
# length: 157
ck	10	3	72	H	2	0.109201	65.5224	0.977786	0.253564	1	1.57865e+09	1967.35	1968.33	1968.58	1968.45	1968.65	1969.01	1969.01	0.24609	0.116967	0.198896	0          
# length: 157
ck	10	3	73	H	1	0.0364066	21.8445	0.761226	0.253564	1	1.57865e+09	1969.48	1970.25	1970.46	1970.29	1970.6	1970.93	1970.93	0.20941	0.0418814	0.307343	1         
# length: 157
ck	10	3	74	H	2	0.088549	53.1308	0.57886	0.253564	NaN	1.57865e+09	1971.38	1971.97	1972.23	1972.06	1972.3	1972.66	1972.66	0.260024	0.0918744	0.237561	0        
# length: 157
ck	10	3	75	H	1	0.0525417	31.5259	0.968221	0.253564	NaN	1.57865e+09	1973.02	1973.99	1973.99	1974.05	1974.52	1974.67	1974.67	0.00300595	0.058099	0.474494	0    
# length: 157
ck	10	3	76	H	2	0.168483	101.092	0.89458	0.253564	NaN	1.57865e+09	1976.02	1976.92	1977.29	1977.1	1977.49	1977.61	1977.61	0.364838	0.175223	0.389531	0         
# length: 157
ck	10	3	77	H	2	0.115446	69.2696	0.864577	0.253564	2	1.57865e+09	1978.58	1979.46	1979.46	1979.57	1979.53	1980.14	1980.14	0.00659036	0.116859	-0.0452653	1     
# length: 157
ck	10	3	78	H	1	0.0767827	46.0708	0.755743	0.253564	2	1.57865e+09	1981.12	1981.89	1982.13	1981.97	1982.21	1982.57	1982.57	0.240762	0.0835326	0.235791	0       
# length: 157
ck	10	3	79	H	1	0.105439	63.2651	0.713795	0.253564	NaN	1.57865e+09	1983.16	1983.88	1984.14	1983.99	1984.15	1984.56	1984.56	0.256757	0.108273	0.163718	0       
# length: 157
ck	10	3	80	H	2	0.0950825	57.051	0.951319	0.253564	1	1.57865e+09	1985.04	1986	1986.19	1986.1	1986.28	1986.68	1986.68	0.195964	0.100181	0.180363	0             
# length: 157
ck	10	3	81	H	1	0.131813	79.0901	0.597639	0.253564	NaN	1.57865e+09	1987.2	1987.81	1988.07	1987.94	1988.13	1988.49	1988.49	0.265256	0.133462	0.188813	0        
# length: 157
ck	10	3	82	H	2	0.104353	62.6137	0.649648	0.253564	1	1.57865e+09	1989.12	1989.77	1990.01	1989.88	1990.09	1990.46	1990.46	0.240667	0.108382	0.212229	0         
# length: 157
ck	10	3	83	H	2	0.0547272	32.8371	0.666988	0.253564	2	1.57865e+09	1991.01	1991.68	1991.93	1991.74	1991.99	1992.36	1992.37	0.247635	0.0585557	0.249057	1       
# length: 157
ck	10	3	84	H	1	0.0272236	16.3346	0.650644	0.253564	1	1.57865e+09	1993.1	1993.76	1994.01	1993.8	1994.06	1994.45	1994.45	0.241619	0.0335313	0.266218	1         
# length: 157
ck	10	3	85	H	1	0.129037	77.4239	0.508602	0.253564	2	1.57865e+09	1995.01	1995.52	1995.77	1995.66	1995.86	1996.21	1996.21	0.246568	0.133572	0.202927	0         
# length: 157
ck	10	3	86	H	2	0.0729796	43.7889	0.876996	0.253564	2	1.57865e+09	1996.93	1997.81	1998.07	1997.89	1998.24	1998.5	1998.5	0.250365	0.0751734	0.354986	1         
# length: 157
ck	10	3	87	H	1	0.00547419	3.2846	0.583511	0.253564	NaN	1.57865e+09	1999.05	1999.64	1999.92	1999.65	2000	2000.32	2000.32	0.27714	0.00891244	0.346986	0        
# length: 157
ck	10	3	88	H	2	0.0126306	7.57855	0.626598	0.253564	2	1.57865e+09	2000.79	2001.42	2001.67	2001.44	2001.73	2002.11	2002.11	0.247328	0.0168825	0.290363	1       
# length: 157
ck	10	3	89	H	1	0.00467345	2.80414	0.573947	0.253564	NaN	1.57865e+09	2002.64	2003.22	2003.5	2003.23	2003.56	2003.91	2003.91	0.272546	0.00891604	0.323708	0    
# length: 157
ck	10	3	90	H	1	0.0860682	51.6422	0.629632	0.253564	NaN	1.57865e+09	2004.54	2005.17	2005.19	2005.26	2005.7	2005.86	2005.86	0.0127875	0.0914304	0.430944	0     
# length: 157
ck	10	3	91	H	2	0.0598563	35.9147	0.872845	0.253564	NaN	1.57865e+09	2006.43	2007.31	2007.57	2007.38	2007.76	2008	2008	0.256113	0.06685	0.379195	0             
# length: 157
ck	10	3	92	H	1	0.113618	68.1724	0.618895	0.253564	NaN	1.57865e+09	2008.49	2009.12	2009.36	2009.23	2009.67	2009.8	2009.8	0.245959	0.116596	0.43936	0          
# length: 157
ck	10	3	93	H	2	0.0539786	32.388	0.918182	0.253564	NaN	1.57865e+09	2010.33	2011.26	2011.51	2011.32	2011.58	2011.94	2011.94	0.254486	0.058282	0.266237	0       
# length: 157
ck	10	3	94	H	1	0.0760829	45.6509	0.675356	0.253564	NaN	1.57865e+09	2012.51	2013.19	2013.43	2013.27	2013.72	2013.87	2013.87	0.237154	0.0831728	0.448148	0     
# length: 157
ck	10	3	95	H	2	0.100636	60.3834	0.876425	0.253564	NaN	1.57865e+09	2014.45	2015.33	2014.79	2015.44	2015.71	2016.02	2016.02	-0.539624	0.108183	0.272029	0      
# length: 157
ck	10	3	96	H	1	0.00103026	0.61817	0.831641	0.253564	NaN	1.57865e+09	2016.52	2017.36	2017.62	2017.37	2017.76	2018.04	2018.04	0.264811	0.00816652	0.396741	0   
# length: 157
ck	10	3	97	H	2	0.11261	67.5675	0.797229	0.253564	NaN	1.57865e+09	2018.73	2019.54	2019.53	2019.66	2019.84	2020.22	2020.22	-0.012204	0.116894	0.18063	0        
# length: 157
ck	10	3	98	H	2	0.088549	53.1308	0.57886	0.253564	NaN	1.57865e+09	2020.76	2021.35	2021.61	2021.44	2021.82	2022.03	2022.03	0.259667	0.0918476	0.382311	0       
# length: 157
ck	10	3	99	H	1	0.0525417	31.5259	0.968221	0.253564	NaN	1.57865e+09	2023.1	2024.07	2024.34	2024.13	2024.47	2024.76	2024.76	0.270216	0.0583025	0.340821	0      
# length: 157
ck	10	3	100	H	2	0.168483	101.092	0.89458	0.253564	NaN	1.57865e+09	2025.29	2026.19	2026.54	2026.37	2026.61	2026.87	2026.87	0.348142	0.175218	0.247741	0       
# length: 157
ck	10	3	101	H	1	0.105439	63.2651	0.713795	0.253564	1	1.57865e+09	2027.71	2028.43	2028.67	2028.54	2028.77	2029.12	2029.12	0.24177	0.108539	0.228121	1         
# length: 157
ck	10	3	102	H	1	0.131813	79.0901	0.597639	0.253564	2	1.57865e+09	2029.88	2030.48	2030.69	2030.62	2030.78	2031.17	2031.17	0.206617	0.133542	0.162886	0        
# length: 157
ck	10	3	103	H	1	0.00547419	3.2846	0.583511	0.253564	NaN	1.57865e+09	2031.71	2032.31	2032.55	2032.32	2032.99	2032.99	2032.99	0.246623	0.00896236	0.674554	0   
# length: 157
ck	10	3	104	H	1	0.00467345	2.80414	0.573947	0.253564	NaN	1.57865e+09	2033.75	2034.33	2034.28	2034.34	2034.69	2035.02	2035.02	-0.0479349	0.00923764	0.352462	0
# length: 157
ck	10	3	105	H	1	0.0860682	51.6422	0.629632	0.253564	1	1.57865e+09	2035.64	2036.27	2036.51	2036.37	2036.57	2036.96	2036.96	0.240414	0.0918367	0.203621	1      
# length: 157
ck	10	3	106	H	2	0.0598563	35.9147	0.872845	0.253564	NaN	1.57865e+09	2037.6	2038.47	2038.73	2038.54	2038.79	2039.16	2039.16	0.2553	0.0666093	0.248728	0       
# length: 157
ck	10	3	107	H	1	0.113618	68.1724	0.618895	0.253564	2	1.57865e+09	2039.66	2040.28	2040.5	2040.4	2040.58	2040.97	2040.97	0.222238	0.116623	0.180511	0          
# length: 157
ck	10	3	108	H	2	0.0539786	32.388	0.918182	0.253564	2	1.57865e+09	2041.43	2042.36	2042.61	2042.42	2042.68	2043.04	2043.04	0.248757	0.0585044	0.264133	1       
# length: 157
ck	10	3	109	H	1	0.0760829	45.6509	0.675356	0.253564	1	1.57865e+09	2043.9	2044.58	2044.83	2044.67	2045.03	2045.27	2045.27	0.247897	0.0834749	0.364406	1       
# length: 157
ck	10	3	110	H	2	0.100636	60.3834	0.876425	0.253564	NaN	1.57865e+09	2045.8	2046.68	2046.96	2046.79	2047.06	2047.37	2047.37	0.278154	0.10853	0.264753	0        
# length: 157
ck	10	3	111	H	1	0.00103026	0.61817	0.831641	0.253564	NaN	1.57865e+09	2047.86	2048.69	2048.7	2048.7	2049.03	2049.37	2049.37	0.00521977	0.00855568	0.331694	0  
# length: 157
ck	10	3	112	H	2	0.11261	67.5675	0.797229	0.253564	2	1.57865e+09	2049.89	2050.69	2050.75	2050.81	2050.84	2051.37	2051.37	0.0552655	0.11687	0.0284084	1        
# length: 157
ck	10	3	113	H	2	0.088549	53.1308	0.57886	0.253564	NaN	1.57865e+09	2052.08	2052.67	2052.69	2052.76	2052.99	2053.35	2053.35	0.0218078	0.0914687	0.229021	0     
# length: 157
ck	10	3	114	H	1	0.0525417	31.5259	0.968221	0.253564	NaN	1.57865e+09	2053.97	2054.94	2055.21	2055	2055.62	2055.62	2055.62	0.265582	0.0582619	0.625137	0       
# length: 157
ck	10	3	115	H	2	0.168483	101.092	0.89458	0.253564	2	1.57865e+09	2056.2	2057.1	2057.35	2057.27	2057.45	2057.78	2057.78	0.24772	0.174958	0.172665	1            
# length: 157
ck	10	3	116	H	1	0.00547419	3.2846	0.583511	0.253564	1	1.57865e+09	2058.29	2058.88	2059.1	2058.89	2059.21	2059.57	2059.57	0.21461	0.00872932	0.32115	1        
# length: 157
ck	10	3	117	H	1	0.00467345	2.80414	0.573947	0.253564	2	1.57865e+09	2060.1	2060.68	2060.92	2060.69	2061	2061.37	2061.37	0.240058	0.00891724	0.305856	0        
# length: 157
ck	10	3	118	H	2	0.0598563	35.9147	0.872845	0.253564	NaN	1.57865e+09	2061.82	2062.7	2062.99	2062.77	2063.06	2063.38	2063.38	0.288171	0.0668247	0.296631	0     
# length: 157
ck	10	3	119	H	2	0.100636	60.3834	0.876425	0.253564	NaN	1.57865e+09	2063.89	2064.77	2065.06	2064.88	2065.15	2065.46	2065.46	0.288168	0.108328	0.264806	0      
# length: 157
ck	10	3	120	H	1	0.00103026	0.61817	0.831641	0.253564	NaN	1.57865e+09	2066.04	2066.88	2066.3	2066.89	2067.22	2067.57	2067.57	-0.579458	0.00894472	0.331249	0  
# length: 157
ck	10	3	121	H	2	0.088549	53.1308	0.57886	0.253564	NaN	1.57865e+09	2068.08	2068.66	2068.94	2068.75	2069.04	2069.34	2069.34	0.28015	0.0915748	0.28966	0        
# length: 157
ck	10	3	122	H	1	0.0525417	31.5259	0.968221	0.253564	NaN	1.57865e+09	2069.79	2070.77	2071.07	2070.82	2071.13	2071.45	2071.45	0.307996	0.0585189	0.303879	0    
# length: 157
ck	10	3	123	H	2	0.0598563	35.9147	0.872845	0.253564	NaN	1.57865e+09	2071.89	2072.77	2073.03	2072.84	2073.1	2073.46	2073.46	0.254159	0.0668845	0.257234	0     
# length: 157
ck	10	3	124	H	2	0.100636	60.3834	0.876425	0.253564	NaN	1.57865e+09	2073.92	2074.81	2074	2074.92	2075.17	2075.49	2075.49	-0.808667	0.108386	0.252976	0        
# length: 157
ck	10	3	125	H	1	0.00103026	0.61817	0.831641	0.253564	1	1.57865e+09	2076.16	2076.99	2077.23	2077	2077.33	2077.67	2077.67	0.243165	0.00849544	0.329861	1       
# length: 157
ck	10	3	126	H	2	0.088549	53.1308	0.57886	0.253564	2	1.57865e+09	2078.25	2078.83	2079.03	2078.92	2079.11	2079.52	2079.52	0.19664	0.0915817	0.189784	1         
# length: 157
ck	10	3	127	H	1	0.0525417	31.5259	0.968221	0.253564	2	1.57865e+09	2079.92	2080.89	2081.13	2080.95	2081.19	2081.57	2081.57	0.23834	0.0582668	0.245029	0       
# length: 157
ck	10	3	128	H	2	0.0598563	35.9147	0.872845	0.253564	2	1.57865e+09	2082.07	2082.95	2083.19	2083.02	2083.25	2083.63	2083.63	0.241651	0.0667274	0.23855	1       
# length: 157
ck	10	3	129	H	2	0.100636	60.3834	0.876425	0.253564	NaN	1.57865e+09	2084.12	2085	2085.26	2085.11	2085.34	2085.68	2085.68	0.265547	0.108428	0.232316	0         
# length: 157
ck	10	3	130	H	2	0.100636	60.3834	0.876425	0.253564	1	1.57865e+09	2086.21	2087.09	2087.2	2087.2	2087.4	2087.77	2087.77	0.109347	0.108105	0.195851	0           
# length: 157
ck	10	4	1	H	2	0.142537	85.5243	0.85322	0.253564	2	1.57865e+09	2103.79	2104.65	2104.9	2104.8	2104.96	2105.33	2105.33	0.247865	0.150263	0.157561	1             
# length: 157
ck	10	4	2	H	2	0.0528883	31.7338	0.801562	0.253564	2	1.57865e+09	2105.84	2106.65	2106.89	2106.71	2107.07	2107.33	2107.33	0.243287	0.0584691	0.364505	1        
# length: 157
ck	10	4	3	H	1	0.12139	72.8357	0.659191	0.253564	2	1.57865e+09	2107.83	2108.5	2108.72	2108.62	2108.79	2109.18	2109.18	0.22341	0.125175	0.163121	0             
# length: 157
ck	10	4	4	H	2	0.105245	63.1488	0.519796	0.253564	1	1.57865e+09	2109.61	2110.14	2110.33	2110.25	2110.48	2110.82	2110.82	0.187042	0.108562	0.228082	0          
# length: 157
ck	10	4	5	H	2	0.027715	16.6294	0.807434	0.253564	2	1.57865e+09	2111.7	2112.51	2112.73	2112.54	2112.95	2113.19	2113.19	0.225146	0.0333029	0.406697	1          
# length: 157
ck	10	4	6	H	1	0.076759	46.0566	0.593932	0.253564	NaN	1.57865e+09	2113.64	2114.23	2114.49	2114.32	2114.77	2114.92	2114.92	0.260482	0.0833123	0.456714	0       
# length: 157
ck	10	4	7	H	2	0.158137	94.8844	0.765476	0.253564	2	1.57865e+09	2115.43	2116.2	2116.4	2116.36	2116.46	2116.88	2116.88	0.203456	0.158254	0.105202	1            
# length: 157
ck	10	4	8	H	1	0.114799	68.8809	0.875196	0.253564	1	1.57865e+09	2117.55	2118.43	2118.44	2118.55	2118.45	2119.12	2119.12	0.00558155	0.116691	-0.101092	1       
# length: 157
ck	10	4	9	H	2	0.0539613	32.3776	0.885009	0.253564	2	1.57865e+09	2119.84	2120.73	2120.97	2120.79	2121.15	2121.42	2121.42	0.242064	0.0585	0.3572	1             
# length: 157
ck	10	4	10	H	1	0.0599649	35.9799	0.642855	0.253564	NaN	1.57865e+09	2122.14	2122.79	2122.24	2122.86	2123.12	2123.47	2123.47	-0.552123	0.0666864	0.265951	0    
# length: 157
ck	10	4	11	H	2	0.00794695	4.76829	0.540593	0.253564	2	1.57865e+09	2123.92	2124.47	2124.7	2124.47	2124.76	2125.15	2125.15	0.237488	0.0084856	0.288996	1       
# length: 157
ck	10	4	12	H	2	0.0522771	31.3671	0.722671	0.253564	1	1.57865e+09	2125.6	2126.33	2126.53	2126.39	2126.61	2127.02	2127.02	0.196097	0.0584972	0.222593	0        
# length: 157
ck	10	4	13	H	2	0.0430284	25.8177	0.963857	0.253564	1	1.57865e+09	2127.48	2128.45	2128.65	2128.5	2128.72	2129.13	2129.13	0.199709	0.050175	0.224573	0         
# length: 157
ck	10	4	14	H	1	0.0215054	12.9036	0.715252	0.253564	NaN	1.57865e+09	2129.47	2130.19	2130.51	2130.22	2130.6	2130.87	2130.87	0.323648	0.0252104	0.388083	0      
# length: 157
ck	10	4	15	H	1	0.0264818	15.8895	0.973102	0.253564	1	1.57865e+09	2131.4	2132.37	2132.62	2132.41	2132.79	2133.06	2133.06	0.240318	0.0337427	0.38141	1         
# length: 157
ck	10	4	16	H	1	0.122542	73.5272	0.850809	0.253564	NaN	1.57865e+09	2133.47	2134.33	2134.6	2134.46	2134.68	2135.02	2135.02	0.262062	0.125182	0.222061	0        
# length: 157
ck	10	4	17	H	2	0.152382	91.4314	0.772321	0.253564	2	1.57865e+09	2135.43	2136.21	2136.45	2136.37	2136.52	2136.89	2136.89	0.237028	0.158228	0.14888	1          
# length: 157
ck	10	4	18	H	1	0.150576	90.348	0.988443	0.253564	2	1.57865e+09	2137.36	2138.35	2138.57	2138.51	2138.64	2139.03	2139.03	0.215845	0.158145	0.132354	0          
# length: 157
ck	10	4	19	H	2	0.000993179	0.595923	0.976279	0.253564	NaN	1.57865e+09	2139.77	2140.76	2141.02	2140.77	2141.12	2141.44	2141.44	0.262861	0.00893848	0.348802	0 
# length: 157
ck	10	4	20	H	2	0.137158	82.297	0.983825	0.253564	2	1.57865e+09	2142.95	2143.94	2144.17	2144.08	2144.24	2144.62	2144.62	0.229839	0.141625	0.151622	1          
# length: 157
ck	10	4	21	H	2	0.148438	89.0649	0.678171	0.253564	1	1.57865e+09	2145	2145.68	2145.94	2145.83	2146	2146.37	2146.37	0.253177	0.14973	0.168772	0                
# length: 157
ck	10	4	22	H	1	0.0432063	25.9244	0.694991	0.253564	NaN	1.57865e+09	2146.74	2147.44	2147.75	2147.49	2147.81	2148.13	2148.13	0.310594	0.0499326	0.315634	0     
# length: 157
ck	10	4	23	H	1	0.0966075	57.966	0.558452	0.253564	NaN	1.57865e+09	2148.59	2149.15	2149.43	2149.25	2149.63	2149.83	2149.83	0.279711	0.0999095	0.382307	0      
# length: 157
ck	10	4	24	H	2	0.0236748	14.2052	0.609426	0.253564	NaN	1.57865e+09	2150.31	2150.93	2151.21	2150.95	2151.3	2151.61	2151.61	0.282249	0.0247834	0.351636	0      
# length: 157
ck	10	4	25	H	1	0.105334	63.202	0.640653	0.253564	2	1.57865e+09	2152.02	2152.67	2152.91	2152.78	2152.96	2153.35	2153.35	0.241346	0.108526	0.187749	0          
# length: 157
ck	10	4	26	H	2	0.0933261	55.9971	0.901888	0.253564	1	1.57865e+09	2153.63	2154.54	2154.77	2154.64	2154.85	2155.23	2155.23	0.231527	0.100175	0.206326	0        
# length: 157
ck	10	4	27	H	2	0.13084	78.5061	0.635757	0.253564	NaN	1.57865e+09	2155.57	2156.21	2156.46	2156.34	2156.56	2156.89	2156.89	0.254895	0.13332	0.221446	0         
# length: 157
ck	10	4	28	H	1	0.158932	95.3619	0.574112	0.253564	NaN	1.57865e+09	2157.27	2157.86	2158.11	2158.03	2158.19	2158.54	2158.54	0.255151	0.166897	0.163276	0       
# length: 157
ck	10	4	29	H	1	0.0721904	43.3153	0.876007	0.253564	1	1.57865e+09	2159.04	2159.92	2159.96	2160	2160.05	2160.61	2160.61	0.0389228	0.075211	0.0507865	1         
# length: 157
ck	10	4	30	H	2	0.131902	79.143	0.95424	0.253564	2	1.57865e+09	2160.9	2161.87	2161.87	2162	2161.96	2162.55	2162.55	0.00720899	0.133513	-0.0363699	1           
# length: 157
ck	10	4	31	H	2	0.0705487	42.3303	0.51718	0.253564	NaN	1.57865e+09	2162.9	2163.43	2163.43	2163.5	2163.74	2164.11	2164.11	0.00400128	0.0752202	0.238757	0      
# length: 157
ck	10	4	32	H	2	0.134841	80.9068	0.728384	0.253564	1	1.57865e+09	2164.57	2165.3	2165.51	2165.44	2165.66	2165.98	2165.98	0.20929	0.142025	0.222048	0           
# length: 157
ck	10	4	33	H	1	0.0992376	59.5441	0.668598	0.253564	1	1.57865e+09	2166.34	2167.02	2167.25	2167.12	2167.34	2167.7	2167.7	0.232554	0.0999763	0.222425	1         
# length: 157
ck	10	4	34	H	1	0.0895303	53.7195	0.534676	0.253564	2	1.57865e+09	2168.17	2168.71	2168.95	2168.8	2169.01	2169.39	2169.39	0.243177	0.0918625	0.214222	0        
# length: 157
ck	10	4	35	H	2	0.0523202	31.3929	0.683664	0.253564	NaN	1.57865e+09	2169.71	2170.39	2170.65	2170.45	2170.72	2171.08	2171.08	0.257791	0.0580434	0.27457	0      
# length: 157
ck	10	4	36	H	2	0.136713	82.0296	0.573647	0.253564	NaN	1.57865e+09	2171.5	2172.08	2172.34	2172.22	2172.63	2172.76	2172.76	0.264648	0.141515	0.412932	0        
# length: 157
ck	10	4	37	H	1	0.0158127	9.48787	0.949754	0.253564	NaN	1.57865e+09	2173.3	2174.25	2174.54	2174.27	2174.59	2174.93	2174.93	0.289714	0.0166795	0.323025	0      
# length: 157
ck	10	4	38	H	1	0.00262312	1.57391	0.729297	0.253564	NaN	1.57865e+09	2175.35	2176.08	2176.37	2176.09	2176.47	2176.77	2176.77	0.281682	0.00837316	0.373134	0   
# length: 157
ck	10	4	39	H	2	0.139356	83.6157	0.825662	0.253564	NaN	1.57865e+09	2177.17	2178	2178.07	2178.14	2178.52	2178.68	2178.68	0.0703999	0.141862	0.37833	0          
# length: 157
ck	10	4	40	H	2	0.158655	95.1956	0.852822	0.253564	NaN	1.57865e+09	2182.17	2183.03	2183.34	2183.2	2183.41	2183.72	2183.72	0.306836	0.166867	0.204972	0        
# length: 157
ck	10	4	41	H	1	0.052233	31.3406	0.576219	0.253564	1	1.57865e+09	2184.25	2184.83	2185.07	2184.89	2185.17	2185.52	2185.52	0.23214	0.0582849	0.278521	1         
# length: 157
ck	10	4	42	H	1	0.14432	86.594	0.839949	0.253564	NaN	1.57865e+09	2185.93	2186.78	2187.03	2186.93	2187.1	2187.46	2187.46	0.25504	0.149842	0.170174	0           
# length: 157
ck	10	4	43	H	1	0.0402085	24.1257	0.731941	0.253564	NaN	1.57865e+09	2187.91	2188.65	2188.92	2188.69	2189.03	2189.33	2189.33	0.265599	0.0418334	0.338757	0     
# length: 157
ck	10	4	44	H	1	0.0426568	25.5947	0.941509	0.253564	NaN	1.57865e+09	2189.83	2190.78	2191.11	2190.83	2191.17	2191.47	2191.47	0.322586	0.0502085	0.333119	0     
# length: 157
ck	10	4	45	H	2	0.0727581	43.656	0.505264	0.253564	NaN	1.57865e+09	2196.04	2196.55	2196.24	2196.63	2196.84	2197.23	2197.23	-0.308631	0.0752093	0.21576	0      
# length: 157
ck	10	4	46	H	2	0.0906504	54.3916	0.544698	0.253564	2	1.57865e+09	2197.73	2198.28	2198.52	2198.37	2198.56	2198.96	2198.96	0.241149	0.091617	0.189171	1        
# length: 157
ck	10	4	47	H	2	0.113356	68.015	0.914875	0.253564	NaN	1.57865e+09	2199.33	2200.25	2200.51	2200.37	2200.6	2200.93	2200.93	0.256028	0.116626	0.229371	0         
# length: 157
ck	10	4	48	H	1	0.155869	93.5236	0.694779	0.253564	2	1.57865e+09	2201.45	2202.15	2202.39	2202.31	2202.46	2202.83	2202.83	0.23622	0.158315	0.148256	0          
# length: 157
ck	10	4	49	H	2	0.108728	65.2385	0.59568	0.253564	NaN	1.57865e+09	2203.94	2204.54	2204.85	2204.66	2204.93	2205.23	2205.23	0.303085	0.116664	0.273009	0        
# length: 157
ck	10	4	50	H	1	0.137439	82.4652	0.823627	0.253564	NaN	1.57865e+09	2205.79	2206.62	2206.89	2206.76	2206.96	2207.3	2207.3	0.269901	0.141654	0.203737	0         
# length: 157
ck	10	4	51	H	1	0.0850501	51.0314	0.997934	0.253564	1	1.57865e+09	2207.75	2208.76	2208.98	2208.85	2209.05	2209.44	2209.44	0.223631	0.0918441	0.198691	1       
# length: 157
ck	10	4	52	H	1	0.143447	86.0702	0.660093	0.253564	NaN	1.57865e+09	2209.95	2210.62	2210.87	2210.77	2210.94	2211.3	2211.3	0.255338	0.149955	0.170495	0         
# length: 157
ck	10	4	53	H	1	0.0215723	12.9437	0.775245	0.253564	1	1.57865e+09	2211.88	2212.66	2212.89	2212.68	2212.98	2213.34	2213.34	0.228794	0.025002	0.299039	1        
# length: 157
ck	10	4	54	H	1	0.147881	88.7307	0.709283	0.253564	1	1.57865e+09	2213.76	2214.48	2214.72	2214.63	2214.81	2215.17	2215.17	0.239229	0.1502	0.174071	1           
# length: 157
ck	10	4	55	H	1	0.0887363	53.2432	0.558256	0.253564	NaN	1.57865e+09	2215.63	2216.19	2216.56	2216.28	2216.62	2216.88	2216.88	0.366205	0.0916848	0.339113	0     
# length: 157
ck	10	4	56	H	2	0.00844702	5.06834	0.542908	0.253564	NaN	1.57865e+09	2217.37	2217.93	2218.19	2217.93	2218.26	2218.6	2218.6	0.262767	0.00855244	0.329239	0     
# length: 157
ck	10	4	57	H	1	0.0337005	20.2208	0.52053	0.253564	NaN	1.57865e+09	2218.97	2219.5	2219.82	2219.54	2219.92	2220.18	2220.18	0.323291	0.0418303	0.381117	0       
# length: 157
ck	10	4	58	H	1	0.148587	89.1543	0.735349	0.253564	2	1.57865e+09	2221.27	2222.01	2222.01	2222.16	2222.02	2222.69	2222.69	0.00464902	0.149804	-0.13499	0       
# length: 157
ck	10	4	59	H	2	0.165021	99.0149	0.608846	0.253564	2	1.57865e+09	2223.62	2224.23	2224.47	2224.4	2224.66	2224.92	2224.92	0.240299	0.166884	0.263042	1          
# length: 157
ck	10	4	60	H	2	0.108169	64.9032	0.783909	0.253564	2	1.57865e+09	2225.86	2226.65	2226.89	2226.76	2226.95	2227.33	2227.33	0.238924	0.108495	0.194933	1         
# length: 157
ck	10	4	61	H	1	0.076759	46.0566	0.593932	0.253564	1	1.57865e+09	2228.34	2228.94	2229.19	2229.03	2229.26	2229.63	2229.63	0.247111	0.0834892	0.238593	1        
# length: 157
ck	10	4	62	H	1	0.0599649	35.9799	0.642855	0.253564	2	1.57865e+09	2230.75	2231.39	2231.63	2231.46	2231.7	2232.08	2232.08	0.237852	0.0666349	0.240444	0        
# length: 157
ck	10	4	63	H	1	0.0215054	12.9036	0.715252	0.253564	NaN	1.57865e+09	2232.56	2233.28	2233.55	2233.31	2233.64	2233.97	2233.97	0.261749	0.0252498	0.330681	0     
# length: 157
ck	10	4	64	H	1	0.122542	73.5272	0.850809	0.253564	NaN	1.57865e+09	2234.49	2235.34	2235.62	2235.47	2235.7	2236.03	2236.03	0.272765	0.124935	0.232735	0        
# length: 157
ck	10	4	65	H	2	0.000993179	0.595923	0.976279	0.253564	2	1.57865e+09	2236.48	2237.46	2237.69	2237.47	2237.89	2238.14	2238.14	0.23199	0.00898084	0.422786	1    
# length: 157
ck	10	4	66	H	1	0.0432063	25.9244	0.694991	0.253564	NaN	1.57865e+09	2238.9	2239.6	2239.64	2239.65	2239.91	2240.28	2240.28	0.0404297	0.0498099	0.255493	0      
# length: 157
ck	10	4	67	H	1	0.0966075	57.966	0.558452	0.253564	NaN	1.57865e+09	2241.17	2241.73	2242	2241.83	2242.1	2242.42	2242.42	0.264693	0.099983	0.262076	0           
# length: 157
ck	10	4	68	H	2	0.0236748	14.2052	0.609426	0.253564	NaN	1.57865e+09	2244.35	2244.96	2245.22	2244.98	2245.6	2245.64	2245.64	0.26278	0.0249134	0.612485	0       
# length: 157
ck	10	4	69	H	2	0.13084	78.5061	0.635757	0.253564	NaN	1.57865e+09	2246.44	2247.08	2247.33	2247.21	2247.39	2247.76	2247.76	0.255854	0.133154	0.182684	0        
# length: 157
ck	10	4	70	H	1	0.158932	95.3619	0.574112	0.253564	1	1.57865e+09	2248.5	2249.08	2249.32	2249.24	2249.42	2249.76	2249.76	0.241716	0.166542	0.179731	1          
# length: 157
ck	10	4	71	H	2	0.0705487	42.3303	0.51718	0.253564	2	1.57865e+09	2250.77	2251.3	2251.55	2251.38	2251.61	2251.98	2251.98	0.246971	0.0751528	0.236766	1         
# length: 157
ck	10	4	72	H	2	0.0523202	31.3929	0.683664	0.253564	1	1.57865e+09	2252.57	2253.26	2253.5	2253.32	2253.56	2253.94	2253.94	0.238745	0.0582682	0.240406	0        
# length: 157
ck	10	4	73	H	2	0.136713	82.0296	0.573647	0.253564	1	1.57865e+09	2254.57	2255.15	2255.36	2255.29	2255.46	2255.83	2255.83	0.212535	0.141871	0.165655	0         
# length: 157
ck	10	4	74	H	1	0.0158127	9.48787	0.949754	0.253564	1	1.57865e+09	2256.4	2257.36	2257.6	2257.38	2257.65	2258.04	2258.04	0.239287	0.0167546	0.27249	1          
# length: 157
ck	10	4	75	H	1	0.00262312	1.57391	0.729297	0.253564	NaN	1.57865e+09	2258.56	2259.3	2259.6	2259.31	2259.65	2259.98	2259.98	0.298418	0.0089656	0.339128	0      
# length: 157
ck	10	4	76	H	2	0.139356	83.6157	0.825662	0.253564	1	1.57865e+09	2260.57	2261.4	2261.61	2261.54	2261.69	2262.08	2262.08	0.213638	0.141925	0.146567	0          
# length: 157
ck	10	4	77	H	2	0.158655	95.1956	0.852822	0.253564	2	1.57865e+09	2262.62	2263.48	2263.7	2263.64	2263.76	2264.16	2264.16	0.223537	0.166662	0.121803	1          
# length: 157
ck	10	4	78	H	1	0.14432	86.594	0.839949	0.253564	NaN	1.57865e+09	2264.77	2265.61	2265.87	2265.76	2265.95	2266.29	2266.29	0.255326	0.149874	0.190462	0         
# length: 157
ck	10	4	79	H	1	0.0402085	24.1257	0.731941	0.253564	2	1.57865e+09	2267.06	2267.8	2267.94	2267.84	2268.09	2268.48	2268.48	0.139477	0.0418858	0.247412	0        
# length: 157
ck	10	4	80	H	1	0.0426568	25.5947	0.941509	0.253564	1	1.57865e+09	2269.38	2270.33	2270.55	2270.38	2270.6	2271.01	2271.01	0.224615	0.0502003	0.224419	1        
# length: 157
ck	10	4	81	H	2	0.0727581	43.656	0.505264	0.253564	NaN	1.57865e+09	2271.66	2272.17	2272.43	2272.24	2272.85	2272.85	2272.85	0.263113	0.074965	0.608349	0       
# length: 157
ck	10	4	82	H	2	0.113356	68.015	0.914875	0.253564	1	1.57865e+09	2273.4	2274.32	2274.55	2274.43	2274.67	2275	2275	0.233873	0.116574	0.231522	0                 
# length: 157
ck	10	4	83	H	2	0.108728	65.2385	0.59568	0.253564	NaN	1.57865e+09	2275.52	2276.12	2276.16	2276.23	2276.42	2276.8	2276.8	0.0385807	0.116471	0.181786	0         
# length: 157
ck	10	4	84	H	1	0.137439	82.4652	0.823627	0.253564	2	1.57865e+09	2277.84	2278.67	2278.91	2278.81	2279	2279.35	2279.35	0.245953	0.141866	0.187052	0            
# length: 157
ck	10	4	85	H	1	0.143447	86.0702	0.660093	0.253564	1	1.57865e+09	2279.83	2280.49	2280.74	2280.64	2280.85	2281.18	2281.18	0.249165	0.149905	0.203852	1         
# length: 157
ck	10	4	86	H	1	0.0887363	53.2432	0.558256	0.253564	2	1.57865e+09	2281.68	2282.25	2282.47	2282.34	2282.58	2282.93	2282.93	0.216257	0.0918367	0.234329	0       
# length: 157
ck	10	4	87	H	2	0.00844702	5.06834	0.542908	0.253564	NaN	1.57865e+09	2283.37	2283.92	2283.89	2283.93	2284.26	2284.59	2284.59	-0.0255404	0.00859912	0.330498	0 
# length: 157
ck	10	4	88	H	1	0.0337005	20.2208	0.52053	0.253564	2	1.57865e+09	2285.16	2285.69	2285.9	2285.73	2286.02	2286.37	2286.37	0.210888	0.0337877	0.296275	0         
# length: 157
ck	10	4	89	H	1	0.0215054	12.9036	0.715252	0.253564	NaN	1.57865e+09	2286.84	2287.56	2287.54	2287.59	2287.82	2288.24	2288.24	-0.021656	0.0253149	0.238454	0    
# length: 157
ck	10	4	90	H	1	0.122542	73.5272	0.850809	0.253564	NaN	1.57865e+09	2290.42	2291.28	2290.93	2291.4	2291.74	2291.96	2291.96	-0.348289	0.124767	0.33799	0        
# length: 157
ck	10	4	91	H	1	0.0432063	25.9244	0.694991	0.253564	1	1.57865e+09	2292.54	2293.24	2293.49	2293.29	2293.57	2293.93	2293.93	0.245292	0.0501825	0.279981	1       
# length: 157
ck	10	4	92	H	1	0.0966075	57.966	0.558452	0.253564	NaN	1.57865e+09	2294.36	2294.93	2295.19	2295.03	2295.29	2295.61	2295.61	0.264836	0.100191	0.261882	0       
# length: 157
ck	10	4	93	H	2	0.0236748	14.2052	0.609426	0.253564	2	1.57865e+09	2296.05	2296.67	2296.88	2296.69	2297.08	2297.35	2297.35	0.215886	0.0252329	0.39119	1        
# length: 157
ck	10	4	94	H	2	0.13084	78.5061	0.635757	0.253564	NaN	1.57865e+09	2297.8	2298.44	2297.82	2298.58	2298.78	2299.13	2299.13	-0.619266	0.133152	0.207422	0        
# length: 157
ck	10	4	95	H	1	0.00262312	1.57391	0.729297	0.253564	1	1.57865e+09	2299.49	2300.23	2300.46	2300.24	2300.59	2300.91	2300.91	0.237854	0.0089374	0.353576	1      
# length: 157
ck	10	4	96	H	1	0.14432	86.594	0.839949	0.253564	1	1.57865e+09	2301.38	2302.23	2302.47	2302.38	2302.61	2302.91	2302.91	0.242573	0.150015	0.237373	1           
# length: 157
ck	10	4	97	H	2	0.0727581	43.656	0.505264	0.253564	NaN	1.57865e+09	2303.44	2303.95	2304.21	2304.03	2304.32	2304.64	2304.64	0.258158	0.0751829	0.289219	0      
# length: 157
ck	10	4	98	H	2	0.108728	65.2385	0.59568	0.253564	2	1.57865e+09	2305.14	2305.74	2305.97	2305.86	2306.06	2306.43	2306.43	0.22981	0.116737	0.195799	1           
# length: 157
ck	10	4	99	H	2	0.00844702	5.06834	0.542908	0.253564	NaN	1.57865e+09	2306.86	2307.4	2307.7	2307.42	2307.79	2308.09	2308.09	0.297739	0.0166363	0.371145	0      
# length: 157
ck	10	4	100	H	1	0.0215054	12.9036	0.715252	0.253564	NaN	1.57865e+09	2308.58	2309.3	2309.58	2309.33	2309.74	2309.99	2309.99	0.273315	0.0252287	0.41309	0      
# length: 157
ck	10	4	101	H	1	0.122542	73.5272	0.850809	0.253564	NaN	1.57865e+09	2310.48	2311.34	2311.64	2311.46	2311.77	2312.02	2312.02	0.305171	0.125212	0.305012	0      
# length: 157
ck	10	4	102	H	1	0.0966075	57.966	0.558452	0.253564	1	1.57865e+09	2312.47	2313.04	2313.28	2313.14	2313.41	2313.72	2313.72	0.240538	0.0999529	0.27023	1        
# length: 157
ck	10	4	103	H	2	0.13084	78.5061	0.635757	0.253564	NaN	1.57865e+09	2315.04	2315.69	2315.97	2315.82	2316.37	2316.37	2316.37	0.280732	0.133522	0.550017	0       
# length: 157
ck	10	4	104	H	2	0.0727581	43.656	0.505264	0.253564	NaN	1.57865e+09	2316.99	2317.5	2317.08	2317.58	2317.8	2318.19	2318.19	-0.420653	0.0748137	0.224422	0      
# length: 157
ck	10	4	105	H	2	0.00844702	5.06834	0.542908	0.253564	NaN	1.57865e+09	2318.59	2319.14	2319.4	2319.14	2319.49	2319.81	2319.81	0.2659	0.00847528	0.347364	0     
# length: 157
ck	10	4	106	H	1	0.0215054	12.9036	0.715252	0.253564	1	1.57865e+09	2320.33	2321.05	2321.26	2321.08	2321.4	2321.74	2321.74	0.204519	0.024978	0.31946	1         
# length: 157
ck	10	4	107	H	1	0.122542	73.5272	0.850809	0.253564	2	1.57865e+09	2322.25	2323.1	2323.11	2323.23	2323.17	2323.79	2323.79	0.00450589	0.124976	-0.0554351	0     
# length: 157
ck	10	4	108	H	2	0.13084	78.5061	0.635757	0.253564	1	1.57865e+09	2324.08	2324.72	2324.97	2324.85	2325.04	2325.4	2325.4	0.248161	0.133325	0.189768	0           
# length: 157
ck	10	4	109	H	2	0.0727581	43.656	0.505264	0.253564	NaN	1.57865e+09	2325.75	2326.26	2326.64	2326.34	2326.72	2326.94	2326.94	0.381604	0.0749747	0.386643	0     
# length: 157
ck	10	4	110	H	2	0.00844702	5.06834	0.542908	0.253564	NaN	1.57865e+09	2327.35	2327.9	2328.23	2327.91	2328.31	2328.58	2328.58	0.330237	0.00854404	0.39678	0    
# length: 157
ck	10	4	111	H	2	0.0727581	43.656	0.505264	0.253564	2	1.57865e+09	2328.98	2329.49	2329.74	2329.57	2329.82	2330.18	2330.18	0.249168	0.0751883	0.253799	1       
# length: 157
ck	10	4	112	H	2	0.00844702	5.06834	0.542908	0.253564	1	1.57865e+09	2330.7	2331.24	2331.48	2331.26	2331.59	2331.93	2331.93	0.239204	0.0166976	0.332131	0      
# length: 157
ck	10	5	1	H	2	0.0918085	55.0865	0.518843	0.253564	NaN	1.57865e+09	2360.24	2360.76	2360.4	2360.86	2361.06	2361.44	2361.44	-0.359903	0.0997609	0.195136	0      
# length: 157
ck	10	5	2	H	1	0.141021	84.6148	0.734158	0.253564	NaN	1.57865e+09	2362.89	2363.63	2363.92	2363.77	2363.97	2364.31	2364.31	0.288588	0.141861	0.196699	0        
# length: 157
ck	10	5	3	H	2	0.056721	34.0335	0.530697	0.253564	NaN	1.57865e+09	2366.47	2367.01	2367.15	2367.07	2367.39	2367.69	2367.69	0.141805	0.0585028	0.322085	0       
# length: 157
ck	10	5	4	H	1	0.0373772	22.4269	0.503133	0.253564	NaN	1.57865e+09	2368.54	2369.04	2368.66	2369.09	2369.49	2369.73	2369.73	-0.38753	0.0414869	0.403262	0      
# length: 157
ck	10	5	5	H	1	0.0493104	29.587	0.994979	0.253564	NaN	1.57865e+09	2370.06	2371.06	2371.06	2371.11	2371.35	2371.74	2371.74	-0.00391264	0.0501189	0.240836	0    
# length: 157
ck	10	5	6	H	1	0.161577	96.9486	0.539467	0.253564	NaN	1.57865e+09	2373.01	2373.56	2373.82	2373.73	2373.87	2374.24	2374.24	0.255854	0.166852	0.138933	0        
# length: 157
ck	10	5	7	H	1	0.108857	65.3157	0.635701	0.253564	1	1.57865e+09	2374.7	2375.34	2375.57	2375.46	2375.64	2376.03	2376.03	0.222811	0.116832	0.181803	1           
# length: 157
ck	10	5	8	H	2	0.131427	78.858	0.886295	0.253564	1	1.57865e+09	2376.52	2377.42	2377.65	2377.55	2377.74	2378.1	2378.1	0.22799	0.133495	0.189134	0              
# length: 157
ck	10	5	9	H	2	0.105098	63.0605	0.911167	0.253564	NaN	1.57865e+09	2378.48	2379.39	2379.66	2379.5	2379.73	2380.08	2380.08	0.263655	0.108311	0.224241	0         
# length: 157
ck	10	5	10	H	1	0.081032	48.6204	0.653137	0.253564	2	1.57865e+09	2380.47	2381.13	2381.38	2381.21	2381.43	2381.81	2381.81	0.249575	0.0835115	0.221031	0        
# length: 157
ck	10	5	11	H	2	0.052163	31.2986	0.670993	0.253564	NaN	1.57865e+09	2382.29	2382.97	2383.24	2383.03	2383.31	2383.65	2383.65	0.273114	0.0585236	0.279401	0      
# length: 157
ck	10	5	12	H	1	0.0956535	57.3935	0.980072	0.253564	2	1.57865e+09	2384.1	2385.09	2385.33	2385.19	2385.42	2385.77	2385.77	0.246208	0.0999912	0.231167	0        
# length: 157
ck	10	5	13	H	2	0.0972649	58.3604	0.715937	0.253564	NaN	1.57865e+09	2386.23	2386.95	2387.26	2387.05	2387.33	2387.64	2387.64	0.305296	0.0998839	0.27983	0      
# length: 157
ck	10	5	14	H	1	0.0953544	57.2141	0.690635	0.253564	NaN	1.57865e+09	2388.13	2388.83	2389.12	2388.93	2389.21	2389.51	2389.51	0.289839	0.0999314	0.285979	0     
# length: 157
ck	10	5	15	H	2	0.0476614	28.5976	0.736347	0.253564	2	1.57865e+09	2390.06	2390.8	2391.05	2390.85	2391.12	2391.49	2391.49	0.244927	0.049916	0.270025	1         
# length: 157
ck	10	5	16	H	1	0.14338	86.0301	0.982241	0.253564	NaN	1.57865e+09	2391.93	2392.92	2393.19	2393.07	2393.34	2393.6	2393.6	0.273673	0.150063	0.274578	0          
# length: 157
ck	10	5	17	H	2	0.0554418	33.2659	0.679312	0.253564	NaN	1.57865e+09	2394.07	2394.75	2394.82	2394.81	2395.09	2395.44	2395.44	0.0657951	0.0582018	0.282534	0    
# length: 157
ck	10	5	18	H	1	0.045792	27.4759	0.784927	0.253564	1	1.57865e+09	2395.78	2396.57	2396.81	2396.62	2396.92	2397.25	2397.25	0.238874	0.0499458	0.298958	1        
# length: 157
ck	10	5	19	H	2	0.109033	65.4215	0.810751	0.253564	NaN	1.57865e+09	2397.8	2398.61	2398.88	2398.73	2398.97	2399.29	2399.29	0.264145	0.116574	0.245761	0        
# length: 157
ck	10	5	20	H	2	0.164598	98.7615	0.657281	0.253564	NaN	1.57865e+09	2399.8	2400.47	2400.75	2400.64	2400.86	2401.15	2401.15	0.279339	0.166861	0.222504	0        
# length: 157
ck	10	5	21	H	1	0.0219603	13.1765	0.583824	0.253564	NaN	1.57865e+09	2401.59	2402.18	2402.16	2402.2	2402.52	2402.86	2402.86	-0.0186999	0.0248118	0.318452	0    
# length: 157
ck	10	5	22	H	2	0.0692487	41.5503	0.642225	0.253564	2	1.57865e+09	2403.28	2403.93	2404.16	2404	2404.24	2404.61	2404.61	0.236458	0.0749727	0.236286	1          
# length: 157
ck	10	5	23	H	2	0.151492	90.8978	0.838149	0.253564	1	1.57865e+09	2404.92	2405.76	2405.96	2405.92	2406.1	2406.44	2406.44	0.203641	0.158526	0.179787	0          
# length: 157
ck	10	5	24	H	2	0.0984297	59.0593	0.669241	0.253564	1	1.57865e+09	2407.03	2407.7	2407.92	2407.8	2408.03	2408.39	2408.39	0.221384	0.0999178	0.231554	0         
# length: 157
ck	10	5	25	H	1	0.0930368	55.8235	0.700609	0.253564	NaN	1.57865e+09	2408.88	2409.59	2409.88	2409.69	2410.11	2410.27	2410.27	0.298535	0.0999335	0.428447	0     
# length: 157
ck	10	5	26	H	2	0.0164653	9.87944	0.963744	0.253564	2	1.57865e+09	2410.8	2411.77	2412.02	2411.79	2412.11	2412.45	2412.45	0.245535	0.0169039	0.320169	1        
# length: 157
ck	10	5	27	H	2	0.0987004	59.2217	0.718159	0.253564	NaN	1.57865e+09	2413.91	2414.63	2414.96	2414.73	2415.04	2415.31	2415.31	0.332309	0.0999607	0.307338	0     
# length: 157
ck	10	5	28	H	1	0.053287	31.973	0.888664	0.253564	1	1.57865e+09	2415.73	2416.63	2416.84	2416.69	2416.94	2417.31	2417.31	0.212684	0.058508	0.254181	1          
# length: 157
ck	10	5	29	H	1	0.106408	63.8464	0.594422	0.253564	NaN	1.57865e+09	2417.69	2418.29	2418.55	2418.39	2418.63	2418.97	2418.97	0.26443	0.108261	0.236599	0        
# length: 157
ck	10	5	30	H	2	0.017949	10.7697	0.750051	0.253564	2	1.57865e+09	2419.53	2420.29	2420.53	2420.31	2420.62	2420.97	2420.97	0.244599	0.0249662	0.304591	1        
# length: 157
ck	10	5	31	H	1	0.163057	97.8369	0.62561	0.253564	NaN	1.57865e+09	2421.38	2422	2422.3	2422.17	2422.43	2422.69	2422.69	0.29786	0.166505	0.256594	0             
# length: 157
ck	10	5	32	H	1	0.140492	84.2971	0.565675	0.253564	1	1.57865e+09	2423.12	2423.69	2423.93	2423.84	2424.04	2424.38	2424.38	0.237151	0.141842	0.204932	1         
# length: 157
ck	10	5	33	H	1	0.129266	77.5614	0.601863	0.253564	1	1.57865e+09	2424.79	2425.39	2425.53	2425.53	2425.65	2426.08	2426.08	0.132374	0.133614	0.123853	1         
# length: 157
ck	10	5	34	H	1	0.0904572	54.2757	0.81198	0.253564	NaN	1.57865e+09	2426.56	2427.38	2427.67	2427.47	2427.92	2428.06	2428.06	0.288661	0.0916057	0.447204	0      
# length: 157
ck	10	5	35	H	2	0.0990896	59.4553	0.863167	0.253564	2	1.57865e+09	2430.07	2430.94	2431.12	2431.04	2431.31	2431.62	2431.62	0.186363	0.0999865	0.271083	1       
# length: 157
ck	10	5	36	H	1	0.120602	72.363	0.61297	0.253564	1	1.57865e+09	2432.05	2432.67	2432.9	2432.79	2433	2433.35	2433.35	0.227873	0.124947	0.205154	1               
# length: 157
ck	10	5	37	H	1	0.022826	13.6959	0.79868	0.253564	NaN	1.57865e+09	2433.69	2434.49	2434.76	2434.52	2434.84	2435.18	2435.18	0.26314	0.0250538	0.323044	0        
# length: 157
ck	10	5	38	H	2	0.0300478	18.0291	0.655299	0.253564	NaN	1.57865e+09	2437.19	2437.85	2437.74	2437.89	2438.23	2438.54	2438.54	-0.109693	0.0331715	0.34685	0     
# length: 157
ck	10	5	39	H	1	0.0825417	49.5263	0.87098	0.253564	NaN	1.57865e+09	2438.86	2439.74	2439.01	2439.82	2440.07	2440.42	2440.42	-0.727733	0.0833651	0.249174	0     
# length: 157
ck	10	5	40	H	1	0.0612418	36.746	0.521675	0.253564	NaN	1.57865e+09	2440.82	2441.35	2441.12	2441.41	2441.68	2442.03	2442.03	-0.221124	0.0664606	0.26799	0      
# length: 157
ck	10	5	41	H	2	0.0191309	11.4788	0.97761	0.253564	NaN	1.57865e+09	2442.99	2443.98	2444.04	2444	2444.39	2444.66	2444.66	0.0611597	0.0251902	0.38573	0         
# length: 157
ck	10	5	42	H	1	0.0857154	51.4305	0.611376	0.253564	1	1.57865e+09	2445.11	2445.73	2445.94	2445.82	2446.06	2446.41	2446.41	0.21624	0.0918634	0.240315	1        
# length: 157
ck	10	5	43	H	2	0.0948841	56.9319	0.849934	0.253564	NaN	1.57865e+09	2446.85	2447.7	2446.85	2447.8	2448.39	2448.39	2448.39	-0.848783	0.0997375	0.58348	0       
# length: 157
ck	10	5	44	H	2	0.0721531	43.293	0.825935	0.253564	NaN	1.57865e+09	2448.9	2449.73	2449.73	2449.8	2450.05	2450.41	2450.41	-0.0034291	0.0747858	0.246423	0      
# length: 157
ck	10	5	45	H	2	0.102187	61.314	0.528244	0.253564	NaN	1.57865e+09	2451.11	2451.65	2451.19	2451.75	2452.03	2452.33	2452.33	-0.459564	0.108613	0.271692	0       
# length: 157
ck	10	5	46	H	2	0.0541216	32.4738	0.704173	0.253564	2	1.57865e+09	2452.86	2453.57	2453.81	2453.63	2453.88	2454.25	2454.25	0.240335	0.0584884	0.246935	1       
# length: 157
ck	10	5	47	H	2	0.119529	71.7191	0.796532	0.253564	NaN	1.57865e+09	2454.65	2455.45	2455.12	2455.57	2455.77	2456.13	2456.13	-0.324344	0.124988	0.196282	0      
# length: 157
ck	10	5	48	H	2	0.00379219	2.27537	0.83058	0.253564	2	1.57865e+09	2456.67	2457.5	2457.75	2457.51	2457.85	2458.19	2458.19	0.247502	0.0084688	0.338728	1        
# length: 157
ck	10	5	49	H	2	0.0744585	44.6762	0.542159	0.253564	NaN	1.57865e+09	2458.74	2459.29	2459.55	2459.36	2459.65	2459.97	2459.97	0.264433	0.0751629	0.289131	0     
# length: 157
ck	10	5	50	H	2	0.0508565	30.5147	0.958477	0.253564	1	1.57865e+09	2460.49	2461.46	2461.47	2461.52	2461.49	2462.15	2462.15	0.00438794	0.058486	-0.0341092	0    
# length: 157
ck	10	5	51	H	1	0.00720197	4.32129	0.893851	0.253564	NaN	1.57865e+09	2463.53	2464.44	2464.72	2464.45	2464.95	2465.12	2465.12	0.281294	0.00892276	0.506047	0   
# length: 157
ck	10	5	52	H	2	0.0621347	37.2818	0.537236	0.253564	2	1.57865e+09	2466.28	2466.83	2466.95	2466.9	2467.14	2467.51	2467.51	0.119045	0.0668164	0.246985	1        
# length: 157
ck	10	5	53	H	1	0.15665	93.9923	0.801229	0.253564	NaN	1.57865e+09	2467.87	2468.68	2468.94	2468.84	2469.04	2469.36	2469.36	0.263892	0.158311	0.200813	0        
# length: 157
ck	10	5	54	H	1	0.0418383	25.1036	0.704168	0.253564	NaN	1.57865e+09	2469.88	2470.59	2470.84	2470.64	2470.95	2471.27	2471.27	0.256549	0.0501828	0.315877	0     
# length: 157
ck	10	5	55	H	2	0.0415449	24.9276	0.544549	0.253564	1	1.57865e+09	2471.77	2472.32	2472.53	2472.36	2472.67	2473	2473	0.20782	0.0418404	0.306454	0              
# length: 157
ck	10	5	56	H	1	0.154459	92.6777	0.643323	0.253564	2	1.57865e+09	2474.26	2474.91	2474.92	2475.07	2474.97	2475.6	2475.6	0.00657047	0.158512	-0.0969859	0       
# length: 157
ck	10	5	57	H	1	0.112675	67.607	0.989904	0.253564	NaN	1.57865e+09	2477.21	2478.2	2478.51	2478.32	2478.68	2478.89	2478.89	0.30559	0.116651	0.363449	0          
# length: 157
ck	10	5	58	H	1	0.0322139	19.3288	0.809852	0.253564	2	1.57865e+09	2479.61	2480.42	2480.66	2480.45	2480.75	2481.1	2481.1	0.239145	0.0333606	0.29563	0          
# length: 157
ck	10	5	59	H	1	0.155376	93.2281	0.815603	0.253564	1	1.57865e+09	2481.55	2482.37	2482.59	2482.53	2482.72	2483.05	2483.05	0.224314	0.158304	0.195581	1         
# length: 157
ck	10	5	60	H	2	0.0516036	30.963	0.987195	0.253564	NaN	1.57865e+09	2483.72	2484.71	2484.99	2484.77	2485.07	2485.4	2485.4	0.28246	0.0582917	0.29937	0          
# length: 157
ck	10	5	61	H	2	0.0918085	55.0865	0.518843	0.253564	1	1.57865e+09	2485.95	2486.47	2486.65	2486.56	2486.83	2487.15	2487.15	0.179983	0.0918435	0.262805	0       
# length: 157
ck	10	5	62	H	1	0.141021	84.6148	0.734158	0.253564	NaN	1.57865e+09	2487.7	2488.45	2488.7	2488.59	2488.79	2489.13	2489.13	0.255839	0.141849	0.203062	0         
# length: 157
ck	10	5	63	H	2	0.056721	34.0335	0.530697	0.253564	1	1.57865e+09	2489.65	2490.19	2490.41	2490.25	2490.53	2490.87	2490.87	0.223446	0.058113	0.27998	0          
# length: 157
ck	10	5	64	H	1	0.0373772	22.4269	0.503133	0.253564	NaN	1.57865e+09	2493.76	2494.27	2494.6	2494.31	2494.67	2494.95	2494.95	0.330769	0.0415735	0.353788	0      
# length: 157
ck	10	5	65	H	1	0.0493104	29.587	0.994979	0.253564	1	1.57865e+09	2495.41	2496.41	2496.64	2496.46	2496.76	2497.1	2497.1	0.229132	0.0501608	0.299129	1          
# length: 157
ck	10	5	66	H	1	0.161577	96.9486	0.539467	0.253564	NaN	1.57865e+09	2497.59	2498.14	2498.41	2498.3	2498.53	2498.82	2498.82	0.274519	0.166872	0.222641	0        
# length: 157
ck	10	5	67	H	2	0.105098	63.0605	0.911167	0.253564	NaN	1.57865e+09	2499.46	2500.38	2499.66	2500.49	2500.76	2501.06	2501.06	-0.71681	0.108321	0.269654	0       
# length: 157
ck	10	5	68	H	2	0.052163	31.2986	0.670993	0.253564	NaN	1.57865e+09	2501.65	2502.33	2502.65	2502.39	2502.72	2503.01	2503.01	0.318499	0.0582446	0.331008	0      
# length: 157
ck	10	5	69	H	2	0.0972649	58.3604	0.715937	0.253564	NaN	1.57865e+09	2503.5	2504.22	2504.49	2504.32	2504.55	2504.9	2504.9	0.271697	0.0998953	0.231824	0        
# length: 157
ck	10	5	70	H	1	0.0953544	57.2141	0.690635	0.253564	NaN	1.57865e+09	2505.35	2506.05	2506.32	2506.15	2506.4	2506.73	2506.73	0.272296	0.100205	0.256994	0       
# length: 157
ck	10	5	71	H	1	0.14338	86.0301	0.982241	0.253564	NaN	1.57865e+09	2509.63	2510.62	2510.98	2510.77	2511.03	2511.3	2511.3	0.357811	0.150203	0.257584	0          
# length: 157
ck	10	5	72	H	2	0.0554418	33.2659	0.679312	0.253564	NaN	1.57865e+09	2512.63	2513.31	2513.57	2513.37	2513.65	2514	2514	0.256394	0.0584277	0.27844	0            
# length: 157
ck	10	5	73	H	2	0.109033	65.4215	0.810751	0.253564	NaN	1.57865e+09	2514.32	2515.14	2514.81	2515.25	2515.42	2515.82	2515.82	-0.32331	0.116435	0.169956	0       
# length: 157
ck	10	5	74	H	2	0.164598	98.7615	0.657281	0.253564	NaN	1.57865e+09	2516.11	2516.77	2516.51	2516.94	2517.09	2517.45	2517.45	-0.261222	0.166863	0.152058	0      
# length: 157
ck	10	5	75	H	1	0.0219603	13.1765	0.583824	0.253564	NaN	1.57865e+09	2517.79	2518.38	2518.18	2518.4	2518.79	2519.06	2519.06	-0.194638	0.0248607	0.390118	0     
# length: 157
ck	10	5	76	H	1	0.0930368	55.8235	0.700609	0.253564	1	1.57865e+09	2519.56	2520.26	2520.5	2520.36	2520.63	2520.95	2520.95	0.236773	0.0998591	0.271951	1        
# length: 157
ck	10	5	77	H	2	0.0987004	59.2217	0.718159	0.253564	1	1.57865e+09	2521.46	2522.18	2522.34	2522.28	2522.52	2522.86	2522.86	0.155707	0.0998034	0.240861	0       
# length: 157
ck	10	5	78	H	1	0.106408	63.8464	0.594422	0.253564	2	1.57865e+09	2523.32	2523.92	2524.16	2524.03	2524.25	2524.6	2524.6	0.239327	0.108317	0.216032	0           
# length: 157
ck	10	5	79	H	1	0.163057	97.8369	0.62561	0.253564	2	1.57865e+09	2524.96	2525.6	2525.83	2525.76	2525.91	2526.28	2526.28	0.234514	0.166892	0.147312	0           
# length: 157
ck	10	5	80	H	1	0.0904572	54.2757	0.81198	0.253564	NaN	1.57865e+09	2526.72	2527.54	2527.8	2527.63	2527.9	2528.22	2528.22	0.262395	0.0916452	0.270608	0        
# length: 157
ck	10	5	81	H	1	0.022826	13.6959	0.79868	0.253564	NaN	1.57865e+09	2528.75	2529.55	2529.81	2529.58	2529.91	2530.24	2530.24	0.257061	0.0252077	0.330886	0       
# length: 157
ck	10	5	82	H	2	0.0300478	18.0291	0.655299	0.253564	2	1.57865e+09	2530.73	2531.4	2531.63	2531.43	2531.83	2532.08	2532.08	0.23002	0.0335712	0.396234	1         
# length: 157
ck	10	5	83	H	1	0.0825417	49.5263	0.87098	0.253564	NaN	1.57865e+09	2532.6	2533.48	2533.61	2533.56	2533.85	2534.16	2534.16	0.131963	0.0835408	0.288113	0       
# length: 157
ck	10	5	84	H	1	0.0612418	36.746	0.521675	0.253564	NaN	1.57865e+09	2534.66	2535.19	2535.17	2535.25	2535.55	2535.87	2535.87	-0.0214207	0.0664742	0.296772	0    
# length: 157
ck	10	5	85	H	2	0.0191309	11.4788	0.97761	0.253564	2	1.57865e+09	2536.29	2537.27	2537.5	2537.3	2537.65	2537.95	2537.95	0.23063	0.0252096	0.355268	1           
# length: 157
ck	10	5	86	H	2	0.0948841	56.9319	0.849934	0.253564	1	1.57865e+09	2538.38	2539.24	2539.46	2539.34	2539.59	2539.92	2539.92	0.223878	0.10016	0.251639	0         
# length: 157
ck	10	5	87	H	2	0.0721531	43.293	0.825935	0.253564	2	1.57865e+09	2541.51	2542.35	2542.58	2542.42	2542.66	2543.03	2543.03	0.230913	0.0751642	0.240725	1        
# length: 157
ck	10	5	88	H	2	0.102187	61.314	0.528244	0.253564	2	1.57865e+09	2544.06	2544.59	2544.81	2544.7	2544.88	2545.27	2545.27	0.224585	0.108305	0.186447	1           
# length: 157
ck	10	5	89	H	2	0.119529	71.7191	0.796532	0.253564	2	1.57865e+09	2545.61	2546.41	2546.65	2546.54	2546.71	2547.1	2547.1	0.240307	0.124967	0.17456	1            
# length: 157
ck	10	5	90	H	2	0.0744585	44.6762	0.542159	0.253564	NaN	1.57865e+09	2547.46	2548	2548.22	2548.08	2548.69	2548.69	2548.69	0.213519	0.0751468	0.608362	0        
# length: 157
ck	10	5	91	H	1	0.00720197	4.32129	0.893851	0.253564	2	1.57865e+09	2549.07	2549.97	2550.19	2549.98	2550.28	2550.65	2550.65	0.221617	0.0084472	0.298238	0      
# length: 157
ck	10	5	92	H	1	0.15665	93.9923	0.801229	0.253564	2	1.57865e+09	2550.95	2551.75	2552.01	2551.91	2552.15	2552.44	2552.44	0.253562	0.158195	0.235954	0          
# length: 157
ck	10	5	93	H	1	0.0418383	25.1036	0.704168	0.253564	1	1.57865e+09	2552.87	2553.58	2553.82	2553.62	2553.93	2554.25	2554.25	0.23865	0.0419341	0.306802	1        
# length: 157
ck	10	5	94	H	1	0.112675	67.607	0.989904	0.253564	2	1.57865e+09	2554.66	2555.65	2555.89	2555.77	2556	2556.34	2556.34	0.238615	0.116421	0.232546	0             
# length: 157
ck	10	5	95	H	2	0.0516036	30.963	0.987195	0.253564	2	1.57865e+09	2556.69	2557.69	2557.91	2557.75	2558.03	2558.37	2558.37	0.22106	0.0585065	0.282511	1         
# length: 157
ck	10	5	96	H	1	0.141021	84.6148	0.734158	0.253564	1	1.57865e+09	2558.83	2559.57	2559.82	2559.71	2559.98	2560.25	2560.25	0.248046	0.14162	0.271345	1          
# length: 157
ck	10	5	97	H	1	0.0373772	22.4269	0.503133	0.253564	1	1.57865e+09	2560.69	2561.2	2561.43	2561.25	2561.57	2561.89	2561.89	0.226802	0.0418254	0.319284	1        
# length: 157
ck	10	5	98	H	1	0.161577	96.9486	0.539467	0.253564	1	1.57865e+09	2562.31	2562.85	2563.06	2563.02	2563.21	2563.54	2563.54	0.205271	0.166876	0.183499	1         
# length: 157
ck	10	5	99	H	2	0.105098	63.0605	0.911167	0.253564	1	1.57865e+09	2564	2564.92	2565.12	2565.03	2565.25	2565.6	2565.6	0.198818	0.108566	0.215311	0              
# length: 157
ck	10	5	100	H	2	0.052163	31.2986	0.670993	0.253564	NaN	1.57865e+09	2566.13	2566.8	2567.11	2566.86	2567.24	2567.49	2567.49	0.305468	0.0585342	0.371971	0      
# length: 157
ck	10	5	101	H	2	0.0972649	58.3604	0.715937	0.253564	NaN	1.57865e+09	2567.95	2568.67	2568.98	2568.77	2569.06	2569.35	2569.36	0.309319	0.0999338	0.28888	0     
# length: 157
ck	10	5	102	H	1	0.0953544	57.2141	0.690635	0.253564	NaN	1.57865e+09	2569.84	2570.54	2570.79	2570.64	2571.2	2571.22	2571.22	0.252564	0.10015	0.557264	0       
# length: 157
ck	10	5	103	H	1	0.14338	86.0301	0.982241	0.253564	NaN	1.57865e+09	2571.78	2572.77	2572.25	2572.92	2573.12	2573.45	2573.45	-0.525362	0.150051	0.199544	0      
# length: 157
ck	10	5	104	H	2	0.0554418	33.2659	0.679312	0.253564	NaN	1.57865e+09	2573.88	2574.56	2574.52	2574.62	2574.87	2575.25	2575.25	-0.0471069	0.0581916	0.250845	0  
# length: 157
ck	10	5	105	H	2	0.109033	65.4215	0.810751	0.253564	NaN	1.57865e+09	2576.24	2577.05	2577.15	2577.17	2577.4	2577.74	2577.74	0.0965796	0.116806	0.229476	0      
# length: 157
ck	10	5	106	H	2	0.164598	98.7615	0.657281	0.253564	NaN	1.57865e+09	2578.08	2578.75	2578.62	2578.91	2579.07	2579.43	2579.43	-0.129988	0.166868	0.157907	0     
# length: 157
ck	10	5	107	H	1	0.0219603	13.1765	0.583824	0.253564	NaN	1.57865e+09	2582.57	2583.16	2582.74	2583.18	2583.59	2583.84	2583.84	-0.413671	0.0244219	0.406562	0   
# length: 157
ck	10	5	108	H	1	0.0904572	54.2757	0.81198	0.253564	NaN	1.57865e+09	2584.28	2585.1	2585.35	2585.19	2585.41	2585.78	2585.78	0.255988	0.0918862	0.223324	0      
# length: 157
ck	10	5	109	H	1	0.022826	13.6959	0.79868	0.253564	NaN	1.57865e+09	2586.14	2586.95	2587.07	2586.97	2587.37	2587.63	2587.63	0.120479	0.024982	0.395134	0       
# length: 157
ck	10	5	110	H	1	0.0825417	49.5263	0.87098	0.253564	1	1.57865e+09	2588.07	2588.95	2589.18	2589.03	2589.28	2589.63	2589.63	0.230829	0.0835122	0.247249	1       
# length: 157
ck	10	5	111	H	1	0.0612418	36.746	0.521675	0.253564	NaN	1.57865e+09	2590.19	2590.72	2591.04	2590.79	2591.12	2591.41	2591.41	0.316007	0.0668131	0.329117	0     
# length: 157
ck	10	5	112	H	2	0.0744585	44.6762	0.542159	0.253564	NaN	1.57865e+09	2591.79	2592.34	2592.64	2592.41	2592.73	2593.02	2593.02	0.299212	0.0748952	0.314322	0    
# length: 157
ck	10	5	113	H	2	0.052163	31.2986	0.670993	0.253564	1	1.57865e+09	2593.54	2594.21	2594.46	2594.27	2594.58	2594.9	2594.9	0.244763	0.0584687	0.306192	0         
# length: 157
ck	10	5	114	H	2	0.0972649	58.3604	0.715937	0.253564	NaN	1.57865e+09	2595.6	2596.32	2596.59	2596.42	2596.73	2597.01	2597.01	0.270938	0.0997034	0.306256	0     
# length: 157
ck	10	5	115	H	1	0.0953544	57.2141	0.690635	0.253564	1	1.57865e+09	2597.54	2598.23	2598.48	2598.33	2598.71	2598.91	2598.91	0.248231	0.0999863	0.378073	1      
# length: 157
ck	10	5	116	H	1	0.14338	86.0301	0.982241	0.253564	2	1.57865e+09	2599.44	2600.43	2600.68	2600.58	2600.75	2601.11	2601.11	0.253396	0.149946	0.173345	0         
# length: 157
ck	10	5	117	H	2	0.0554418	33.2659	0.679312	0.253564	NaN	1.57865e+09	2601.38	2602.07	2602.39	2602.13	2602.48	2602.76	2602.76	0.322542	0.0584393	0.348737	0    
# length: 157
ck	10	5	118	H	2	0.109033	65.4215	0.810751	0.253564	1	1.57865e+09	2603.26	2604.08	2604.29	2604.2	2604.47	2604.76	2604.76	0.21415	0.116865	0.271816	0          
# length: 157
ck	10	5	119	H	2	0.164598	98.7615	0.657281	0.253564	2	1.57865e+09	2605.33	2606	2606.24	2606.16	2606.3	2606.68	2606.68	0.238223	0.166839	0.140733	1            
# length: 157
ck	10	5	120	H	1	0.0219603	13.1765	0.583824	0.253564	NaN	1.57865e+09	2607.04	2607.63	2607.97	2607.66	2608.07	2608.31	2608.31	0.344316	0.025214	0.413711	0     
# length: 157
ck	10	5	121	H	1	0.0904572	54.2757	0.81198	0.253564	1	1.57865e+09	2608.8	2609.62	2609.84	2609.71	2609.95	2610.31	2610.31	0.217687	0.0918724	0.240661	1        
# length: 157
ck	10	5	122	H	1	0.022826	13.6959	0.79868	0.253564	NaN	1.57865e+09	2610.73	2611.54	2611.8	2611.56	2611.88	2612.22	2612.22	0.265694	0.0249882	0.315656	0       
# length: 157
ck	10	5	123	H	1	0.0612418	36.746	0.521675	0.253564	NaN	1.57865e+09	2612.79	2613.31	2613.6	2613.38	2613.7	2614	2614	0.290856	0.066636	0.324122	0              
# length: 157
ck	10	5	124	H	2	0.0744585	44.6762	0.542159	0.253564	1	1.57865e+09	2614.53	2615.08	2615.27	2615.16	2615.35	2615.76	2615.76	0.189417	0.0751504	0.199182	0      
# length: 157
ck	10	5	125	H	2	0.0972649	58.3604	0.715937	0.253564	NaN	1.57865e+09	2616.32	2617.04	2617.36	2617.14	2617.43	2617.72	2617.72	0.320892	0.0999691	0.292524	0    
# length: 157
ck	10	5	126	H	2	0.0554418	33.2659	0.679312	0.253564	2	1.57865e+09	2618.12	2618.81	2619.05	2618.86	2619.23	2619.49	2619.49	0.239763	0.0582776	0.366175	1      
# length: 157
ck	10	5	127	H	1	0.0219603	13.1765	0.583824	0.253564	NaN	1.57865e+09	2619.87	2620.46	2620.72	2620.48	2620.84	2621.14	2621.14	0.264888	0.0250144	0.364469	0    
# length: 157
ck	10	5	128	H	1	0.022826	13.6959	0.79868	0.253564	NaN	1.57865e+09	2621.62	2622.42	2622.69	2622.45	2622.75	2623.11	2623.11	0.262934	0.024864	0.303058	0       
# length: 157
ck	10	5	129	H	1	0.0612418	36.746	0.521675	0.253564	1	1.57865e+09	2623.57	2624.1	2624.35	2624.16	2624.46	2624.78	2624.78	0.248769	0.066837	0.296578	1         
# length: 157
ck	10	5	130	H	2	0.0972649	58.3604	0.715937	0.253564	2	1.57865e+09	2625.51	2626.23	2626.47	2626.33	2626.7	2626.91	2626.91	0.240218	0.0999673	0.36489	1        
# length: 157
ck	10	5	131	H	1	0.0219603	13.1765	0.583824	0.253564	NaN	1.57865e+09	2627.38	2627.97	2628.26	2628	2628.35	2628.66	2628.66	0.288628	0.0265001	0.347123	0       
# length: 157
ck	10	5	132	H	1	0.022826	13.6959	0.79868	0.253564	NaN	1.57865e+09	2629.16	2629.96	2630.22	2629.99	2630.32	2630.65	2630.65	0.257074	0.0252205	0.331864	0      
# length: 157
ck	10	5	133	H	1	0.0219603	13.1765	0.583824	0.253564	1	1.57865e+09	2631.12	2631.71	2631.93	2631.73	2632.01	2632.39	2632.39	0.22041	0.0255095	0.279773	1       
# length: 157
ck	10	5	134	H	1	0.022826	13.6959	0.79868	0.253564	NaN	1.57865e+09	2633.14	2633.95	2634.24	2633.97	2634.32	2634.63	2634.63	0.289482	0.0256222	0.348293	0      
# length: 157
ck	10	5	135	H	1	0.022826	13.6959	0.79868	0.253564	1	1.57865e+09	2635.11	2635.91	2635.93	2635.94	2636.02	2636.6	2636.6	0.0125951	0.0250026	0.0821951	1        


